Frequenze normalizzate,Guadagni normalizzati
0.851,	0.172
0.862,	0.183
0.872,	0.198
0.883,	0.217
0.894,	0.237
0.904,	0.262
0.915,	0.292
0.926,	0.331
0.936,	0.376
0.947,	0.434
0.957,	0.516
0.968,	0.624
0.973,	0.683
0.979,	0.747
0.984,	0.828
0.989,	0.903
0.995,	0.968
1.000,	1.000
1.005,	0.989
1.011,	0.978
1.016,	0.925
1.021,	0.860
1.027,	0.796
1.032,	0.720
1.037,	0.656
1.043,	0.613
1.053,	0.516
1.064,	0.443
1.074,	0.387
1.085,	0.344
1.096,	0.305
1.106,	0.280
1.117,	0.258
1.128,	0.237
1.138,	0.224
1.149,	0.215
1.160,	0.198
1.170,	0.189
1.181,	0.181
1.223,	0.141