Frequenze normalizzate,errF,Guadagni normalizzati,errG
0.844645551,	0.009871637,	0.173109244,	0.020426965
0.859728507,	0.009945414,	0.188235294,	0.022211846
0.874811463,	0.01001994,	0.210084034,	0.024790006
0.889894419,	0.010095198,	0.242016807,	0.028558087
0.904977376,	0.01017117,	0.275630252,	0.032524488
0.920060332,	0.010247842,	0.319327731,	0.037680809
0.935143288,	0.010325198,	0.383193277,	0.045216971
0.950226244,	0.010403222,	0.478991597,	0.056521214
0.965309201,	0.0104819,	0.621848739,	0.073378418
0.972850679,	0.010521479,	0.705882353,	0.083294421
0.980392157,	0.010561217,	0.798319328,	0.094202024
0.987933635,	0.01060111,	0.907563025,	0.107092827
0.993966817,	0.010633137,	0.966386555,	0.114034029
1,	        0.010665261,	1,	        0.11800043
1.006033183,	0.010697482,	0.991596639,	0.117008829
1.012066365,	0.010729799,	0.949579832,	0.112050828
1.025641026,	0.01080286,	0.823529412,	0.097176824
1.040723982,	0.010884593,	0.672268908,	0.07932802
1.055806938,	0.010966897,	0.554621849,	0.065445616
1.070889894,	0.011049759,	0.453781513,	0.053546413
1.085972851,	0.011133166,	0.394957983,	0.046605212
1.101055807,	0.011217106,	0.336134454,	0.03966401
1.116138763,	0.011301568,	0.299159664,	0.035300969
1.131221719,	0.01138654,	0.272268908,	0.032127848
1.146304676,	0.01147201,	0.242016807,	0.028558087
1.161387632,	0.011557967,	0.218487395,	0.025781606
1.176470588,	0.011644401,	0.201680672,	0.023798406