Frequenze normalizzate,errF,Guadagni normalizzati,errG
0.85106383,	0.006984733,	0.172043011,	0.010157452
0.861702128,	0.00702154,	0.182795699,	0.010792293
0.872,	0.007058608,	0.197849462,	0.01168107
0.883,	0.007095935,	0.217204301,	0.012823783
0.894,	0.007133515,	0.23655914,	0.013966497
0.904,	0.002171345,	0.262365591,	0.015490114
0.915,	0.00220942,	0.292473118,	0.017267668
0.926,	0.002247737,	0.331182796,	0.019553095
0.936,	0.002286292,	0.376344086,	0.022219426
0.947,	0.007325081,	0.434408602,	0.025647566
0.957,	0.007364101,	0.516129032,	0.030472356
0.968,	0.007403347,	0.623655914,	0.036820764
0.973,	0.007423055,	0.682795699,	0.040312388
0.979,	0.007442817,	0.747311828,	0.044121432
0.984,	0.007462635,	0.827956989,	0.048882738
0.989,	0.007482507,	0.903225806,	0.053326623
0.995,	0.007502433,	0.967741935,	0.057135668
1.000,	0.007522413,	1,	0.05904019
1.005,	0.007542446,	0.989247312,	0.058405349
1.011,	0.007562531,	0.978494624,	0.057770508
1.016,	0.007582669,	0.924731183,	0.054596305
1.021,	0.007602859,	0.860215054,	0.05078726
1.027,	0.007623101,	0.795698925,	0.046978216
1.032,	0.007643394,	0.720430108,	0.04253433
1.037,	0.007663737,	0.655913978,	0.038725286
1.043,	0.007684131,	0.612903226,	0.036185923
1.053,	0.007725068,	0.516129032,	0.030472356
1.064,	0.007766201,	0.443010753,	0.026155439
1.074,	0.007807528,	0.387096774,	0.022854267
1.085,	0.007849045,	0.344086022,	0.020314904
1.096,	0.00789075,	0.305376344,	0.018029477
1.106,	0.007932639,	0.279569892,	0.01650586
1.117,	0.007974709,	0.258064516,	0.015236178
1.128,	0.008016958,	0.23655914,	0.013966497
1.138,	0.008059383,	0.223655914,	0.013204688
1.149,	0.008101981,	0.215053763,	0.012696815
1.160,	0.008144749,	0.197849462,	0.01168107
1.170,	0.008187685,	0.189247312,	0.011173197
1.181,	0.008230787,	0.180645161,	0.010665325
1.223,	0.008404791,	0.140860215,	0.008316414