1	290
2	290
3	290
4	290
5	290
6	290
7	290
8	291
9	291
10	290
11	290
12	290
13	290
14	290
15	290
16	290
17	290
18	290
19	290
20	290
21	290
22	290
23	290
24	290
25	290
26	290
27	290
28	290
29	290
30	290
31	290
32	290
33	290
34	290
35	290
36	291
37	290
38	290
39	290
40	290
41	290
42	290
43	290
44	290
45	289
46	290
47	290
48	290
49	290
50	290
51	290
52	290
53	290
54	290
55	290
56	290
57	290
58	290
59	290
60	289
61	289
62	290
63	290
64	289
65	289
66	289
67	291
68	289
69	289
70	290
71	289
72	290
73	289
74	289
75	290
76	290
77	290
78	289
79	290
80	289
81	289
82	289
83	290
84	289
85	290
86	290
87	290
88	289
89	290
90	290
91	290
92	290
93	290
94	290
95	290
96	290
97	290
98	290
99	289
100	289
101	290
102	289
103	289
104	290
105	290
106	289
107	289
108	289
109	289
110	289
111	289
112	289
113	288
114	288
115	287
116	288
117	287
118	288
119	287
120	287
121	287
122	287
123	286
124	287
125	286
126	286
127	286
128	286
129	286
130	286
131	285
132	286
133	286
134	285
135	285
136	285
137	285
138	284
139	284
140	284
141	284
142	284
143	284
144	283
145	283
146	284
147	284
148	283
149	283
150	283
151	283
152	283
153	283
154	283
155	282
156	283
157	282
158	281
159	282
160	282
161	281
162	281
163	281
164	282
165	281
166	281
167	281
168	281
169	281
170	281
171	280
172	280
173	281
174	280
175	280
176	281
177	281
178	281
179	280
180	280
181	280
182	280
183	280
184	280
185	279
186	279
187	280
188	279
189	279
190	279
191	279
192	279
193	279
194	279
195	279
196	279
197	279
198	279
199	279
200	278
201	278
202	278
203	278
204	278
205	278
206	279
207	278
208	278
209	278
210	277
211	278
212	278
213	278
214	277
215	277
216	277
217	277
218	277
219	277
220	277
221	276
222	276
223	277
224	277
225	277
226	277
227	276
228	276
229	276
230	276
231	276
232	276
233	276
234	276
235	276
236	276
237	276
238	276
239	276
240	276
241	276
242	276
243	276
244	275
245	275
246	276
247	275
248	275
249	275
250	275
251	275
252	275
253	274
254	275
255	275
256	275
257	275
258	275
259	274
260	275
261	275
262	274
263	274
264	274
265	274
266	275
267	275
268	274
269	274
270	274
271	274
272	274
273	274
274	274
275	274
276	274
277	274
278	274
279	274
280	274
281	274
282	273
283	274
284	274
285	274
286	273
287	273
288	274
289	273
290	273
291	273
292	273
293	274
294	273
295	273
296	273
297	273
298	273
299	273
300	273
301	273
302	272
303	272
304	272
305	273
306	272
307	272
308	272
309	273
310	272
311	272
312	272
313	272
314	272
315	272
316	272
317	272
318	271
319	272
320	272
321	272
322	272
323	272
324	272
325	272
326	272
327	271
328	271
329	271
330	271
331	271
332	271
333	271
334	271
335	271
336	271
337	271
338	271
339	271
340	271
341	270
342	270
343	271
344	271
345	270
346	271
347	271
348	270
349	270
350	271
351	270
352	270
353	270
354	270
355	270
356	271
357	270
358	270
359	270
360	270
361	270
362	270
363	270
364	270
365	270
366	270
367	269
368	269
369	269
370	269
371	269
372	270
373	269
374	269
375	269
376	270
377	269
378	269
379	269
380	269
381	269
382	269
383	269
384	269
385	269
386	268
387	269
388	269
389	269
390	269
391	269
392	268
393	268
394	268
395	268
396	268
397	268
398	268
399	268
400	268
401	268
402	268
403	268
404	268
405	268
406	267
407	268
408	268
409	268
410	268
411	267
412	267
413	267
414	267
415	267
416	267
417	268
418	268
419	267
420	268
421	268
422	267
423	267
424	267
425	267
426	267
427	267
428	267
429	267
430	267
431	267
432	267
433	267
434	267
435	267
436	266
437	267
438	267
439	267
440	266
441	267
442	266
443	266
444	267
445	266
446	267
447	267
448	266
449	266
450	266
451	267
452	266
453	267
454	266
455	266
456	266
457	266
458	265
459	266
460	266
461	266
462	265
463	265
464	266
465	265
466	265
467	265
468	266
469	265
470	266
471	266
472	266
473	265
474	265
475	265
476	265
477	265
478	265
479	265
480	265
481	265
482	265
483	265
484	265
485	265
486	265
487	265
488	264
489	265
490	265
491	265
492	265
493	264
494	265
495	264
496	264
497	264
498	264
499	264
500	264
501	264
502	264
503	264
504	264
505	264
506	264
507	263
508	264
509	263
510	264
511	264
512	263
513	263
514	264
515	263
516	264
517	263
518	264
519	263
520	263
521	263
522	263
523	263
524	263
525	263
526	263
527	264
528	263
529	263
530	263
531	263
532	263
533	263
534	263
535	263
536	262
537	263
538	262
539	263
540	263
541	262
542	263
543	262
544	263
545	263
546	262
547	262
548	263
549	262
550	262
551	262
552	262
553	262
554	262
555	262
556	262
557	263
558	262
559	262
560	262
561	262
562	261
563	261
564	262
565	262
566	261
567	261
568	261
569	261
570	262
571	261
572	262
573	261
574	261
575	261
576	261
577	262
578	261
579	262
580	261
581	261
582	261
583	261
584	261
585	261
586	261
587	261
588	261
589	261
590	260
591	260
592	261
593	261
594	261
595	261
596	261
597	260
598	261
599	261
600	260
601	260
602	261
603	260
604	260
605	261
606	260
607	260
608	260
609	260
610	260
611	260
612	260
613	259
614	259
615	259
616	260
617	260
618	259
619	259
620	259
621	259
622	259
623	259
624	259
625	260
626	259
627	259
628	259
629	259
630	260
631	259
632	259
633	259
634	259
635	259
636	259
637	259
638	259
639	259
640	258
641	259
642	259
643	259
644	259
645	259
646	259
647	259
648	259
649	259
650	259
651	259
652	258
653	258
654	259
655	258
656	259
657	258
658	258
659	258
660	258
661	258
662	258
663	258
664	257
665	258
666	258
667	258
668	257
669	257
670	258
671	258
672	258
673	257
674	258
675	257
676	258
677	258
678	257
679	258
680	257
681	257
682	257
683	257
684	257
685	257
686	258
687	257
688	257
689	256
690	257
691	256
692	257
693	257
694	256
695	256
696	256
697	256
698	256
699	257
700	257
701	257
702	256
703	256
704	256
705	256
706	256
707	256
708	256
709	256
710	256
711	256
712	256
713	256
714	256
715	255
716	256
717	256
718	255
719	256
720	256
721	255
722	255
723	255
724	255
725	255
726	255
727	255
728	255
729	255
730	255
731	255
732	255
733	255
734	255
735	256
736	255
737	255
738	254
739	255
740	255
741	255
742	255
743	255
744	255
745	254
746	254
747	255
748	255
749	254
750	254
751	254
752	254
753	254
754	254
755	254
756	254
757	254
758	254
759	254
760	254
761	254
762	254
763	254
764	254
765	254
766	254
767	254
768	254
769	254
770	254
771	254
772	254
773	254
774	253
775	253
776	254
777	254
778	254
779	253
780	253
781	253
782	253
783	253
784	253
785	253
786	253
787	253
788	253
789	253
790	253
791	253
792	253
793	252
794	252
795	253
796	253
797	252
798	252
799	252
800	253
801	252
802	252
803	253
804	253
805	252
806	252
807	252
808	252
809	253
810	252
811	252
812	252
813	252
814	252
815	252
816	252
817	252
818	252
819	252
820	252
821	252
822	251
823	252
824	252
825	251
826	252
827	252
828	252
829	251
830	251
831	251
832	251
833	251
834	251
835	251
836	251
837	251
838	251
839	251
840	251
841	252
842	251
843	251
844	251
845	251
846	251
847	251
848	251
849	251
850	251
851	251
852	251
853	251
854	250
855	250
856	251
857	251
858	251
859	251
860	250
861	250
862	251
863	250
864	250
865	250
866	250
867	250
868	250
869	250
870	250
871	250
872	250
873	250
874	250
875	250
876	250
877	250
878	250
879	250
880	250
881	250
882	250
883	250
884	250
885	249
886	249
887	250
888	249
889	250
890	250
891	250
892	249
893	250
894	249
895	249
896	249
897	249
898	250
899	249
900	249
901	249
902	249
903	249
904	249
905	249
906	249
907	249
908	249
909	249
910	249
911	249
912	249
913	249
914	249
915	249
916	248
917	249
918	249
919	248
920	248
921	248
922	248
923	248
924	248
925	248
926	248
927	248
928	248
929	248
930	248
931	248
932	248
933	248
934	248
935	248
936	248
937	248
938	248
939	248
940	248
941	248
942	248
943	248
944	247
945	247
946	247
947	247
948	247
949	248
950	247
951	247
952	248
953	247
954	247
955	247
956	247
957	247
958	248
959	247
960	247
961	246
962	247
963	247
964	247
965	247
966	247
967	247
968	246
969	246
970	246
971	246
972	246
973	246
974	246
975	246
976	246
977	246
978	247
979	246
980	246
981	246
982	246
983	246
984	246
985	245
986	246
987	246
988	246
989	246
990	246
991	245
992	245
993	245
994	246
995	245
996	246
997	245
998	246
999	245
1000	246
1001	245
1002	245
1003	245
1004	245
1005	245
1006	246
1007	245
1008	245
1009	245
1010	245
1011	245
1012	245
1013	244
1014	245
1015	245
1016	245
1017	245
1018	245
1019	245
1020	245
1021	245
1022	244
1023	244
1024	244
1025	244
1026	245
1027	244
1028	244
1029	245
1030	245
1031	244
1032	244
1033	244
1034	244
1035	244
1036	244
1037	244
1038	244
1039	244
1040	244
1041	244
1042	244
1043	244
1044	244
1045	244
1046	244
1047	244
1048	244
1049	244
1050	244
1051	244
1052	243
1053	244
1054	243
1055	243
1056	243
1057	243
1058	243
1059	243
1060	243
1061	243
1062	243
1063	243
1064	243
1065	243
1066	243
1067	243
1068	243
1069	243
1070	243
1071	243
1072	243
1073	243
1074	243
1075	243
1076	243
1077	243
1078	243
1079	243
1080	243
1081	243
1082	243
1083	243
1084	243
1085	242
1086	243
1087	242
1088	243
1089	242
1090	242
1091	242
1092	242
1093	242
1094	242
1095	242
1096	242
1097	243
1098	242
1099	242
1100	242
1101	242
1102	242
1103	242
1104	242
1105	242
1106	242
1107	242
1108	242
1109	241
1110	242
1111	242
1112	241
1113	241
1114	241
1115	242
1116	241
1117	241
1118	241
1119	241
1120	241
1121	241
1122	241
1123	241
1124	241
1125	241
1126	241
1127	241
1128	241
1129	241
1130	241
1131	241
1132	241
1133	241
1134	241
1135	241
1136	241
1137	241
1138	241
1139	240
1140	241
1141	241
1142	241
1143	241
1144	240
1145	241
1146	240
1147	240
1148	241
1149	240
1150	240
1151	240
1152	240
1153	240
1154	240
1155	240
1156	240
1157	240
1158	239
1159	240
1160	240
1161	240
1162	240
1163	240
1164	240
1165	240
1166	240
1167	239
1168	240
1169	239
1170	239
1171	239
1172	239
1173	239
1174	239
1175	239
1176	239
1177	239
1178	239
1179	239
1180	239
1181	239
1182	239
1183	239
1184	239
1185	239
1186	239
1187	239
1188	239
1189	239
1190	239
1191	239
1192	238
1193	239
1194	239
1195	239
1196	239
1197	238
1198	238
1199	238
1200	238
1201	239
1202	238
1203	239
1204	238
1205	238
1206	238
1207	238
1208	238
1209	239
1210	238
1211	238
1212	238
1213	238
1214	238
1215	238
1216	238
1217	237
1218	238
1219	237
1220	238
1221	238
1222	237
1223	237
1224	237
1225	238
1226	237
1227	237
1228	238
1229	238
1230	237
1231	237
1232	237
1233	237
1234	237
1235	237
1236	237
1237	237
1238	237
1239	237
1240	237
1241	237
1242	237
1243	237
1244	237
1245	237
1246	237
1247	237
1248	237
1249	237
1250	237
1251	236
1252	236
1253	237
1254	237
1255	236
1256	236
1257	237
1258	236
1259	236
1260	237
1261	236
1262	236
1263	236
1264	236
1265	236
1266	236
1267	236
1268	237
1269	236
1270	236
1271	236
1272	236
1273	236
1274	236
1275	235
1276	236
1277	236
1278	236
1279	235
1280	235
1281	236
1282	235
1283	236
1284	235
1285	235
1286	235
1287	235
1288	235
1289	235
1290	235
1291	235
1292	235
1293	235
1294	235
1295	235
1296	235
1297	235
1298	234
1299	235
1300	235
1301	234
1302	234
1303	235
1304	234
1305	235
1306	235
1307	234
1308	234
1309	234
1310	234
1311	235
1312	234
1313	234
1314	234
1315	234
1316	235
1317	235
1318	234
1319	234
1320	234
1321	234
1322	234
1323	234
1324	234
1325	234
1326	234
1327	234
1328	234
1329	234
1330	234
1331	234
1332	234
1333	234
1334	234
1335	234
1336	233
1337	233
1338	233
1339	234
1340	233
1341	234
1342	234
1343	234
1344	233
1345	234
1346	233
1347	233
1348	233
1349	233
1350	233
1351	234
1352	233
1353	233
1354	233
1355	233
1356	233
1357	233
1358	233
1359	233
1360	233
1361	232
1362	233
1363	232
1364	233
1365	233
1366	232
1367	233
1368	232
1369	232
1370	232
1371	232
1372	232
1373	232
1374	232
1375	232
1376	232
1377	232
1378	232
1379	232
1380	232
1381	232
1382	232
1383	232
1384	232
1385	232
1386	232
1387	232
1388	232
1389	232
1390	232
1391	232
1392	232
1393	232
1394	232
1395	232
1396	232
1397	232
1398	231
1399	231
1400	232
1401	231
1402	232
1403	231
1404	232
1405	231
1406	231
1407	232
1408	231
1409	231
1410	231
1411	231
1412	231
1413	231
1414	231
1415	231
1416	231
1417	231
1418	231
1419	231
1420	231
1421	231
1422	231
1423	231
1424	231
1425	231
1426	231
1427	231
1428	231
1429	230
1430	230
1431	230
1432	231
1433	230
1434	230
1435	231
1436	231
1437	230
1438	231
1439	231
1440	231
1441	230
1442	230
1443	230
1444	230
1445	230
1446	230
1447	230
1448	230
1449	230
1450	230
1451	230
1452	230
1453	230
1454	230
1455	230
1456	230
1457	230
1458	230
1459	230
1460	230
1461	230
1462	230
1463	229
1464	229
1465	229
1466	229
1467	229
1468	229
1469	229
1470	229
1471	229
1472	229
1473	229
1474	229
1475	229
1476	229
1477	229
1478	230
1479	229
1480	229
1481	229
1482	229
1483	229
1484	229
1485	229
1486	228
1487	229
1488	228
1489	229
1490	228
1491	228
1492	228
1493	228
1494	228
1495	229
1496	228
1497	228
1498	228
1499	228
1500	228
1501	228
1502	228
1503	228
1504	228
1505	228
1506	228
1507	228
1508	228
1509	228
1510	228
1511	228
1512	228
1513	228
1514	228
1515	228
1516	228
1517	228
1518	228
1519	228
1520	228
1521	228
1522	228
1523	228
1524	227
1525	227
1526	228
1527	228
1528	228
1529	228
1530	228
1531	227
1532	227
1533	227
1534	227
1535	227
1536	227
1537	227
1538	227
1539	227
1540	227
1541	227
1542	227
1543	227
1544	227
1545	227
1546	227
1547	227
1548	227
1549	227
1550	227
1551	226
1552	226
1553	226
1554	226
1555	227
1556	227
1557	226
1558	226
1559	226
1560	227
1561	226
1562	226
1563	226
1564	226
1565	226
1566	226
1567	226
1568	226
1569	226
1570	226
1571	226
1572	226
1573	226
1574	226
1575	226
1576	226
1577	226
1578	226
1579	226
1580	226
1581	226
1582	226
1583	226
1584	226
1585	226
1586	226
1587	226
1588	225
1589	225
1590	226
1591	226
1592	225
1593	225
1594	225
1595	225
1596	225
1597	225
1598	225
1599	225
1600	225
1601	225
1602	225
1603	225
1604	225
1605	225
1606	225
1607	225
1608	225
1609	225
1610	225
1611	225
1612	225
1613	225
1614	225
1615	224
1616	224
1617	224
1618	225
1619	224
1620	224
1621	224
1622	224
1623	224
1624	224
1625	224
1626	224
1627	224
1628	224
1629	224
1630	224
1631	224
1632	224
1633	224
1634	224
1635	224
1636	223
1637	224
1638	224
1639	223
1640	224
1641	223
1642	223
1643	223
1644	224
1645	223
1646	223
1647	223
1648	224
1649	223
1650	223
1651	223
1652	223
1653	223
1654	223
1655	223
1656	223
1657	223
1658	223
1659	223
1660	223
1661	223
1662	223
1663	223
1664	223
1665	223
1666	223
1667	223
1668	223
1669	223
1670	223
1671	223
1672	223
1673	222
1674	222
1675	223
1676	223
1677	222
1678	223
1679	223
1680	222
1681	222
1682	222
1683	222
1684	222
1685	222
1686	222
1687	222
1688	222
1689	222
1690	222
1691	222
1692	222
1693	222
1694	222
1695	221
1696	222
1697	222
1698	222
1699	222
1700	222
1701	221
1702	222
1703	221
1704	221
1705	222
1706	221
1707	221
1708	221
1709	222
1710	221
1711	221
1712	222
1713	221
1714	221
1715	221
1716	221
1717	221
1718	221
1719	221
1720	221
1721	221
1722	221
1723	221
1724	221
1725	221
1726	221
1727	221
1728	221
1729	221
1730	221
1731	221
1732	221
1733	221
1734	221
1735	221
1736	221
1737	221
1738	221
1739	221
1740	221
1741	220
1742	221
1743	220
1744	221
1745	220
1746	220
1747	220
1748	220
1749	220
1750	220
1751	221
1752	220
1753	221
1754	220
1755	220
1756	220
1757	220
1758	220
1759	220
1760	220
1761	220
1762	220
1763	220
1764	220
1765	220
1766	220
1767	220
1768	219
1769	220
1770	220
1771	220
1772	219
1773	220
1774	219
1775	219
1776	219
1777	219
1778	219
1779	220
1780	219
1781	219
1782	219
1783	219
1784	219
1785	219
1786	219
1787	219
1788	219
1789	219
1790	219
1791	219
1792	220
1793	219
1794	219
1795	219
1796	219
1797	219
1798	219
1799	219
1800	219
1801	219
1802	219
1803	219
1804	219
1805	219
1806	218
1807	219
1808	218
1809	219
1810	218
1811	219
1812	218
1813	218
1814	219
1815	218
1816	219
1817	218
1818	219
1819	218
1820	218
1821	218
1822	219
1823	218
1824	218
1825	218
1826	218
1827	218
1828	218
1829	218
1830	218
1831	218
1832	218
1833	218
1834	218
1835	218
1836	218
1837	218
1838	218
1839	217
1840	218
1841	218
1842	217
1843	218
1844	217
1845	218
1846	217
1847	217
1848	218
1849	217
1850	217
1851	217
1852	217
1853	217
1854	217
1855	217
1856	217
1857	217
1858	218
1859	217
1860	217
1861	217
1862	217
1863	217
1864	217
1865	217
1866	217
1867	217
1868	217
1869	217
1870	217
1871	217
1872	217
1873	217
1874	217
1875	217
1876	217
1877	216
1878	216
1879	217
1880	216
1881	216
1882	216
1883	216
1884	216
1885	216
1886	216
1887	216
1888	216
1889	216
1890	216
1891	216
1892	216
1893	216
1894	216
1895	216
1896	216
1897	216
1898	216
1899	216
1900	216
1901	216
1902	216
1903	216
1904	216
1905	215
1906	216
1907	216
1908	216
1909	216
1910	216
1911	215
1912	216
1913	216
1914	215
1915	215
1916	215
1917	215
1918	215
1919	215
1920	215
1921	215
1922	215
1923	215
1924	215
1925	215
1926	215
1927	215
1928	215
1929	215
1930	215
1931	215
1932	215
1933	215
1934	215
1935	215
1936	215
1937	215
1938	215
1939	215
1940	215
1941	215
1942	215
1943	215
1944	215
1945	215
1946	215
1947	214
1948	214
1949	215
1950	214
1951	214
1952	214
1953	215
1954	214
1955	214
1956	214
1957	214
1958	214
1959	214
1960	214
1961	214
1962	214
1963	214
1964	214
1965	214
1966	214
1967	214
1968	214
1969	214
1970	214
1971	214
1972	213
1973	213
1974	214
1975	214
1976	213
1977	213
1978	213
1979	213
1980	214
1981	213
1982	213
1983	213
1984	213
1985	213
1986	213
1987	213
1988	213
1989	213
1990	213
1991	213
1992	213
1993	213
1994	213
1995	213
1996	213
1997	213
1998	213
1999	213
2000	212
2001	213
2002	212
2003	212
2004	212
2005	213
2006	213
2007	212
2008	212
2009	212
2010	213
2011	213
2012	212
2013	212
2014	212
2015	213
2016	212
2017	212
2018	212
2019	212
2020	212
2021	212
2022	212
2023	212
2024	212
2025	212
2026	212
2027	212
2028	212
2029	212
2030	212
2031	212
2032	212
2033	212
2034	212
2035	212
2036	212
2037	212
2038	211
2039	212
2040	212
2041	212
2042	212
2043	211
2044	211
2045	212
2046	212
2047	212
2048	212
2049	211
2050	211
2051	211
2052	211
2053	211
2054	211
2055	211
2056	211
2057	211
2058	211
2059	211
2060	211
2061	211
2062	211
2063	211
2064	211
2065	211
2066	211
2067	211
2068	211
2069	211
2070	211
2071	211
2072	211
2073	211
2074	210
2075	210
2076	211
2077	211
2078	210
2079	210
2080	211
2081	210
2082	210
2083	210
2084	210
2085	210
2086	211
2087	211
2088	210
2089	210
2090	210
2091	210
2092	210
2093	210
2094	210
2095	210
2096	210
2097	210
2098	210
2099	210
2100	210
2101	210
2102	210
2103	210
2104	210
2105	210
2106	209
2107	210
2108	210
2109	210
2110	210
2111	210
2112	210
2113	210
2114	209
2115	209
2116	209
2117	209
2118	209
2119	210
2120	209
2121	209
2122	209
2123	209
2124	209
2125	209
2126	209
2127	209
2128	209
2129	209
2130	209
2131	209
2132	209
2133	209
2134	209
2135	209
2136	209
2137	209
2138	209
2139	209
2140	209
2141	209
2142	208
2143	208
2144	208
2145	209
2146	208
2147	208
2148	208
2149	208
2150	208
2151	208
2152	208
2153	208
2154	208
2155	208
2156	208
2157	208
2158	208
2159	208
2160	208
2161	208
2162	208
2163	208
2164	208
2165	208
2166	208
2167	208
2168	208
2169	208
2170	208
2171	208
2172	208
2173	208
2174	208
2175	208
2176	208
2177	208
2178	208
2179	207
2180	207
2181	208
2182	207
2183	207
2184	207
2185	207
2186	207
2187	207
2188	207
2189	207
2190	207
2191	207
2192	207
2193	207
2194	207
2195	207
2196	207
2197	207
2198	207
2199	207
2200	207
2201	207
2202	207
2203	206
2204	206
2205	207
2206	207
2207	207
2208	206
2209	207
2210	207
2211	207
2212	207
2213	206
2214	207
2215	207
2216	206
2217	206
2218	207
2219	206
2220	206
2221	206
2222	206
2223	206
2224	206
2225	206
2226	206
2227	206
2228	206
2229	206
2230	206
2231	206
2232	206
2233	206
2234	206
2235	206
2236	206
2237	206
2238	206
2239	206
2240	206
2241	206
2242	206
2243	206
2244	206
2245	206
2246	206
2247	206
2248	206
2249	206
2250	206
2251	206
2252	206
2253	205
2254	205
2255	205
2256	205
2257	205
2258	205
2259	205
2260	205
2261	205
2262	205
2263	205
2264	205
2265	205
2266	206
2267	205
2268	205
2269	205
2270	205
2271	205
2272	205
2273	205
2274	205
2275	205
2276	205
2277	205
2278	205
2279	204
2280	204
2281	204
2282	204
2283	204
2284	204
2285	204
2286	204
2287	204
2288	204
2289	204
2290	204
2291	204
2292	204
2293	204
2294	205
2295	205
2296	204
2297	205
2298	204
2299	204
2300	204
2301	204
2302	204
2303	204
2304	203
2305	204
2306	204
2307	204
2308	204
2309	204
2310	204
2311	204
2312	203
2313	203
2314	203
2315	203
2316	203
2317	203
2318	203
2319	203
2320	203
2321	203
2322	203
2323	203
2324	203
2325	203
2326	203
2327	203
2328	203
2329	203
2330	203
2331	203
2332	203
2333	203
2334	203
2335	203
2336	203
2337	203
2338	203
2339	203
2340	203
2341	203
2342	203
2343	203
2344	202
2345	202
2346	203
2347	203
2348	203
2349	202
2350	202
2351	202
2352	202
2353	203
2354	203
2355	202
2356	202
2357	202
2358	202
2359	202
2360	202
2361	202
2362	202
2363	202
2364	202
2365	202
2366	202
2367	202
2368	202
2369	202
2370	202
2371	202
2372	202
2373	202
2374	201
2375	202
2376	202
2377	202
2378	201
2379	201
2380	201
2381	201
2382	202
2383	202
2384	201
2385	201
2386	201
2387	201
2388	201
2389	201
2390	201
2391	201
2392	201
2393	201
2394	201
2395	201
2396	201
2397	201
2398	201
2399	201
2400	201
2401	201
2402	201
2403	201
2404	201
2405	201
2406	201
2407	201
2408	201
2409	201
2410	201
2411	201
2412	201
2413	201
2414	201
2415	201
2416	201
2417	200
2418	200
2419	200
2420	200
2421	200
2422	201
2423	200
2424	200
2425	200
2426	200
2427	200
2428	200
2429	200
2430	200
2431	200
2432	200
2433	200
2434	200
2435	200
2436	200
2437	200
2438	200
2439	200
2440	200
2441	200
2442	200
2443	200
2444	200
2445	200
2446	200
2447	199
2448	199
2449	200
2450	200
2451	199
2452	199
2453	200
2454	199
2455	199
2456	199
2457	199
2458	199
2459	199
2460	199
2461	199
2462	199
2463	199
2464	199
2465	199
2466	199
2467	199
2468	199
2469	199
2470	199
2471	199
2472	199
2473	199
2474	199
2475	199
2476	199
2477	199
2478	199
2479	199
2480	199
2481	199
2482	199
2483	199
2484	199
2485	199
2486	199
2487	199
2488	199
2489	198
2490	199
2491	198
2492	198
2493	198
2494	198
2495	198
2496	198
2497	199
2498	198
2499	198
2500	199
2501	198
2502	198
2503	198
2504	198
2505	198
2506	198
2507	198
2508	198
2509	198
2510	198
2511	198
2512	198
2513	198
2514	198
2515	198
2516	198
2517	197
2518	198
2519	198
2520	198
2521	197
2522	198
2523	197
2524	197
2525	198
2526	197
2527	197
2528	198
2529	197
2530	197
2531	197
2532	197
2533	197
2534	197
2535	197
2536	197
2537	197
2538	197
2539	197
2540	197
2541	197
2542	197
2543	197
2544	197
2545	197
2546	197
2547	197
2548	197
2549	197
2550	197
2551	197
2552	197
2553	197
2554	197
2555	197
2556	197
2557	197
2558	197
2559	197
2560	197
2561	197
2562	197
2563	197
2564	197
2565	196
2566	196
2567	196
2568	196
2569	197
2570	197
2571	196
2572	196
2573	196
2574	196
2575	196
2576	196
2577	196
2578	196
2579	196
2580	196
2581	196
2582	196
2583	196
2584	196
2585	196
2586	196
2587	196
2588	196
2589	196
2590	196
2591	196
2592	196
2593	195
2594	195
2595	195
2596	196
2597	195
2598	195
2599	195
2600	196
2601	195
2602	196
2603	196
2604	195
2605	195
2606	195
2607	195
2608	195
2609	195
2610	195
2611	195
2612	195
2613	195
2614	195
2615	195
2616	195
2617	195
2618	195
2619	195
2620	195
2621	195
2622	195
2623	195
2624	195
2625	195
2626	195
2627	195
2628	195
2629	195
2630	195
2631	195
2632	195
2633	195
2634	195
2635	195
2636	194
2637	195
2638	194
2639	195
2640	194
2641	195
2642	195
2643	194
2644	195
2645	194
2646	195
2647	194
2648	195
2649	194
2650	194
2651	194
2652	194
2653	194
2654	194
2655	194
2656	194
2657	194
2658	194
2659	194
2660	194
2661	194
2662	194
2663	194
2664	194
2665	194
2666	194
2667	194
2668	194
2669	194
2670	193
2671	194
2672	193
2673	194
2674	193
2675	194
2676	193
2677	194
2678	193
2679	193
2680	193
2681	193
2682	193
2683	193
2684	193
2685	193
2686	193
2687	193
2688	193
2689	193
2690	193
2691	193
2692	193
2693	193
2694	193
2695	193
2696	193
2697	193
2698	192
2699	193
2700	192
2701	193
2702	192
2703	193
2704	192
2705	193
2706	192
2707	192
2708	192
2709	192
2710	193
2711	193
2712	192
2713	192
2714	192
2715	192
2716	192
2717	192
2718	192
2719	192
2720	192
2721	192
2722	192
2723	192
2724	192
2725	192
2726	192
2727	192
2728	192
2729	192
2730	192
2731	192
2732	192
2733	192
2734	192
2735	192
2736	192
2737	192
2738	192
2739	192
2740	192
2741	192
2742	192
2743	191
2744	192
2745	191
2746	192
2747	192
2748	191
2749	192
2750	191
2751	192
2752	191
2753	191
2754	191
2755	191
2756	191
2757	192
2758	192
2759	191
2760	191
2761	191
2762	191
2763	191
2764	191
2765	191
2766	191
2767	191
2768	191
2769	191
2770	191
2771	191
2772	191
2773	191
2774	190
2775	191
2776	190
2777	191
2778	190
2779	191
2780	191
2781	191
2782	191
2783	190
2784	191
2785	190
2786	190
2787	190
2788	190
2789	191
2790	190
2791	190
2792	190
2793	190
2794	190
2795	190
2796	190
2797	190
2798	190
2799	190
2800	190
2801	190
2802	190
2803	190
2804	190
2805	190
2806	190
2807	190
2808	190
2809	190
2810	190
2811	190
2812	190
2813	190
2814	190
2815	190
2816	190
2817	190
2818	190
2819	190
2820	189
2821	189
2822	190
2823	189
2824	190
2825	190
2826	189
2827	189
2828	189
2829	189
2830	189
2831	189
2832	189
2833	189
2834	189
2835	189
2836	189
2837	189
2838	189
2839	189
2840	189
2841	189
2842	189
2843	189
2844	189
2845	189
2846	189
2847	188
2848	189
2849	189
2850	188
2851	189
2852	188
2853	188
2854	188
2855	188
2856	188
2857	188
2858	188
2859	188
2860	188
2861	188
2862	188
2863	188
2864	188
2865	188
2866	188
2867	188
2868	188
2869	188
2870	188
2871	188
2872	188
2873	188
2874	188
2875	188
2876	188
2877	188
2878	188
2879	188
2880	188
2881	188
2882	187
2883	188
2884	188
2885	188
2886	188
2887	188
2888	187
2889	187
2890	188
2891	188
2892	187
2893	187
2894	188
2895	188
2896	187
2897	188
2898	187
2899	187
2900	187
2901	187
2902	187
2903	187
2904	187
2905	187
2906	187
2907	187
2908	187
2909	187
2910	187
2911	187
2912	187
2913	187
2914	187
2915	186
2916	187
2917	187
2918	186
2919	186
2920	186
2921	186
2922	186
2923	186
2924	186
2925	186
2926	186
2927	186
2928	186
2929	186
2930	186
2931	186
2932	186
2933	186
2934	186
2935	186
2936	186
2937	186
2938	186
2939	186
2940	186
2941	186
2942	186
2943	186
2944	186
2945	186
2946	186
2947	186
2948	186
2949	186
2950	186
2951	185
2952	185
2953	186
2954	185
2955	185
2956	185
2957	185
2958	185
2959	185
2960	185
2961	185
2962	185
2963	185
2964	185
2965	185
2966	185
2967	185
2968	185
2969	185
2970	184
2971	184
2972	185
2973	185
2974	184
2975	184
2976	184
2977	185
2978	185
2979	185
2980	184
2981	184
2982	184
2983	184
2984	184
2985	184
2986	184
2987	184
2988	184
2989	184
2990	184
2991	184
2992	184
2993	184
2994	184
2995	184
2996	184
2997	184
2998	184
2999	184
3000	184
3001	184
3002	184
3003	183
3004	184
3005	183
3006	183
3007	184
3008	183
3009	183
3010	184
3011	183
3012	183
3013	183
3014	183
3015	183
3016	183
3017	183
3018	183
3019	183
3020	183
3021	183
3022	183
3023	183
3024	183
3025	183
3026	183
3027	183
3028	182
3029	182
3030	182
3031	182
3032	182
3033	182
3034	182
3035	182
3036	182
3037	182
3038	182
3039	182
3040	182
3041	182
3042	182
3043	182
3044	182
3045	182
3046	182
3047	182
3048	181
3049	181
3050	181
3051	181
3052	181
3053	181
3054	181
3055	181
3056	181
3057	181
3058	181
3059	181
3060	181
3061	181
3062	181
3063	181
3064	181
3065	181
3066	181
3067	181
3068	181
3069	181
3070	181
3071	181
3072	181
3073	181
3074	181
3075	181
3076	181
3077	181
3078	181
3079	181
3080	181
3081	181
3082	181
3083	181
3084	180
3085	180
3086	180
3087	180
3088	180
3089	180
3090	180
3091	180
3092	180
3093	180
3094	180
3095	181
3096	180
3097	180
3098	180
3099	180
3100	180
3101	180
3102	180
3103	180
3104	179
3105	180
3106	179
3107	179
3108	179
3109	180
3110	179
3111	179
3112	179
3113	179
3114	179
3115	179
3116	179
3117	179
3118	179
3119	179
3120	179
3121	179
3122	179
3123	179
3124	179
3125	179
3126	179
3127	179
3128	179
3129	179
3130	179
3131	179
3132	179
3133	179
3134	179
3135	179
3136	179
3137	179
3138	179
3139	179
3140	179
3141	179
3142	179
3143	179
3144	179
3145	178
3146	178
3147	178
3148	178
3149	178
3150	178
3151	178
3152	178
3153	178
3154	178
3155	178
3156	178
3157	178
3158	178
3159	178
3160	178
3161	178
3162	178
3163	178
3164	178
3165	178
3166	178
3167	178
3168	178
3169	178
3170	178
3171	178
3172	178
3173	178
3174	178
3175	177
3176	177
3177	177
3178	177
3179	177
3180	177
3181	177
3182	177
3183	177
3184	177
3185	177
3186	177
3187	177
3188	177
3189	177
3190	177
3191	177
3192	177
3193	177
3194	177
3195	177
3196	177
3197	177
3198	177
3199	177
3200	177
3201	177
3202	177
3203	177
3204	176
3205	177
3206	176
3207	177
3208	176
3209	177
3210	176
3211	177
3212	177
3213	176
3214	176
3215	176
3216	176
3217	176
3218	176
3219	176
3220	176
3221	176
3222	176
3223	176
3224	176
3225	176
3226	176
3227	176
3228	176
3229	176
3230	176
3231	176
3232	176
3233	175
3234	175
3235	175
3236	175
3237	175
3238	175
3239	176
3240	175
3241	175
3242	176
3243	176
3244	176
3245	175
3246	175
3247	175
3248	175
3249	175
3250	175
3251	175
3252	175
3253	175
3254	175
3255	175
3256	175
3257	175
3258	175
3259	175
3260	175
3261	175
3262	175
3263	175
3264	175
3265	175
3266	175
3267	175
3268	175
3269	175
3270	175
3271	175
3272	174
3273	175
3274	175
3275	175
3276	175
3277	175
3278	175
3279	174
3280	174
3281	174
3282	174
3283	174
3284	174
3285	174
3286	174
3287	174
3288	174
3289	174
3290	174
3291	174
3292	174
3293	174
3294	174
3295	174
3296	174
3297	174
3298	174
3299	174
3300	173
3301	173
3302	173
3303	173
3304	174
3305	173
3306	174
3307	174
3308	173
3309	173
3310	173
3311	173
3312	173
3313	173
3314	173
3315	173
3316	173
3317	173
3318	173
3319	173
3320	173
3321	173
3322	173
3323	173
3324	173
3325	173
3326	173
3327	173
3328	173
3329	173
3330	173
3331	173
3332	173
3333	173
3334	173
3335	173
3336	173
3337	173
3338	173
3339	173
3340	173
3341	173
3342	172
3343	172
3344	172
3345	172
3346	173
3347	173
3348	173
3349	172
3350	172
3351	172
3352	172
3353	172
3354	172
3355	172
3356	172
3357	172
3358	172
3359	172
3360	172
3361	172
3362	172
3363	172
3364	172
3365	172
3366	172
3367	172
3368	172
3369	172
3370	172
3371	171
3372	171
3373	172
3374	172
3375	172
3376	172
3377	171
3378	171
3379	171
3380	171
3381	171
3382	171
3383	171
3384	171
3385	171
3386	171
3387	171
3388	171
3389	171
3390	171
3391	171
3392	171
3393	171
3394	171
3395	171
3396	171
3397	171
3398	171
3399	171
3400	171
3401	171
3402	170
3403	170
3404	170
3405	170
3406	171
3407	171
3408	170
3409	170
3410	170
3411	170
3412	171
3413	170
3414	170
3415	170
3416	170
3417	170
3418	170
3419	170
3420	170
3421	170
3422	170
3423	170
3424	170
3425	170
3426	170
3427	170
3428	170
3429	170
3430	170
3431	170
3432	170
3433	170
3434	170
3435	170
3436	170
3437	170
3438	170
3439	170
3440	170
3441	170
3442	170
3443	170
3444	170
3445	170
3446	170
3447	170
3448	170
3449	169
3450	169
3451	170
3452	169
3453	169
3454	169
3455	169
3456	169
3457	169
3458	169
3459	169
3460	169
3461	169
3462	169
3463	169
3464	169
3465	169
3466	169
3467	169
3468	169
3469	169
3470	169
3471	169
3472	169
3473	169
3474	169
3475	169
3476	168
3477	169
3478	169
3479	169
3480	168
3481	169
3482	169
3483	168
3484	168
3485	169
3486	168
3487	168
3488	168
3489	168
3490	168
3491	168
3492	168
3493	168
3494	168
3495	168
3496	168
3497	168
3498	168
3499	168
3500	168
3501	168
3502	168
3503	168
3504	168
3505	168
3506	168
3507	168
3508	168
3509	168
3510	168
3511	168
3512	168
3513	168
3514	168
3515	168
3516	168
3517	168
3518	168
3519	168
3520	168
3521	168
3522	168
3523	168
3524	167
3525	168
3526	168
3527	168
3528	168
3529	168
3530	167
3531	167
3532	168
3533	167
3534	167
3535	167
3536	167
3537	167
3538	167
3539	167
3540	167
3541	167
3542	167
3543	167
3544	167
3545	167
3546	167
3547	167
3548	167
3549	167
3550	167
3551	167
3552	167
3553	167
3554	166
3555	166
3556	167
3557	167
3558	167
3559	166
3560	166
3561	166
3562	166
3563	167
3564	167
3565	166
3566	167
3567	166
3568	166
3569	166
3570	166
3571	166
3572	166
3573	166
3574	166
3575	166
3576	166
3577	166
3578	166
3579	166
3580	166
3581	166
3582	166
3583	166
3584	166
3585	166
3586	166
3587	166
3588	166
3589	166
3590	166
3591	166
3592	166
3593	166
3594	166
3595	166
3596	166
3597	166
3598	166
3599	166
3600	166
3601	166
3602	166
3603	166
3604	166
3605	165
3606	166
3607	166
3608	166
3609	165
3610	166
3611	165
3612	165
3613	165
3614	165
3615	165
3616	165
3617	165
3618	165
3619	165
3620	165
3621	165
3622	165
3623	165
3624	165
3625	165
3626	165
3627	165
3628	165
3629	165
3630	165
3631	165
3632	165
3633	165
3634	165
3635	165
3636	165
3637	165
3638	165
3639	165
3640	165
3641	164
3642	165
3643	164
3644	165
3645	164
3646	164
3647	165
3648	164
3649	164
3650	165
3651	164
3652	164
3653	164
3654	165
3655	164
3656	164
3657	165
3658	164
3659	164
3660	164
3661	164
3662	164
3663	165
3664	164
3665	165
3666	164
3667	164
3668	164
3669	164
3670	164
3671	164
3672	164
3673	164
3674	164
3675	164
3676	164
3677	164
3678	164
3679	164
3680	164
3681	164
3682	164
3683	164
3684	164
3685	164
3686	164
3687	164
3688	164
3689	164
3690	164
3691	164
3692	164
3693	163
3694	164
3695	164
3696	164
3697	164
3698	164
3699	163
3700	163
3701	164
3702	163
3703	164
3704	163
3705	163
3706	163
3707	163
3708	163
3709	163
3710	163
3711	163
3712	163
3713	163
3714	163
3715	163
3716	163
3717	163
3718	163
3719	163
3720	163
3721	163
3722	163
3723	163
3724	163
3725	162
3726	163
3727	163
3728	163
3729	163
3730	163
3731	163
3732	162
3733	163
3734	162
3735	163
3736	163
3737	162
3738	163
3739	162
3740	163
3741	163
3742	162
3743	162
3744	162
3745	162
3746	162
3747	162
3748	162
3749	162
3750	162
3751	163
3752	162
3753	162
3754	162
3755	162
3756	162
3757	162
3758	162
3759	162
3760	162
3761	162
3762	162
3763	162
3764	162
3765	162
3766	162
3767	162
3768	161
3769	162
3770	162
3771	162
3772	162
3773	162
3774	162
3775	162
3776	162
3777	162
3778	161
3779	161
3780	162
3781	161
3782	162
3783	161
3784	161
3785	161
3786	161
3787	161
3788	161
3789	162
3790	161
3791	161
3792	161
3793	161
3794	161
3795	161
3796	161
3797	161
3798	161
3799	161
3800	161
3801	161
3802	161
3803	161
3804	161
3805	161
3806	161
3807	161
3808	161
3809	161
3810	160
3811	161
3812	160
3813	161
3814	160
3815	160
3816	160
3817	160
3818	160
3819	160
3820	160
3821	160
3822	160
3823	160
3824	160
3825	160
3826	160
3827	160
3828	160
3829	160
3830	160
3831	160
3832	160
3833	160
3834	160
3835	160
3836	160
3837	160
3838	160
3839	160
3840	160
3841	160
3842	160
3843	160
3844	160
3845	160
3846	160
3847	160
3848	160
3849	160
3850	159
3851	159
3852	159
3853	159
3854	159
3855	159
3856	159
3857	159
3858	159
3859	160
3860	159
3861	159
3862	159
3863	159
3864	159
3865	159
3866	159
3867	159
3868	159
3869	159
3870	159
3871	159
3872	159
3873	159
3874	159
3875	159
3876	159
3877	159
3878	159
3879	159
3880	159
3881	159
3882	159
3883	159
3884	159
3885	159
3886	159
3887	159
3888	159
3889	159
3890	159
3891	159
3892	159
3893	158
3894	159
3895	158
3896	158
3897	158
3898	158
3899	159
3900	158
3901	158
3902	158
3903	158
3904	158
3905	158
3906	158
3907	158
3908	158
3909	158
3910	158
3911	158
3912	158
3913	158
3914	158
3915	158
3916	158
3917	158
3918	158
3919	158
3920	158
3921	158
3922	158
3923	158
3924	158
3925	158
3926	158
3927	157
3928	157
3929	158
3930	157
3931	157
3932	157
3933	157
3934	157
3935	157
3936	157
3937	157
3938	157
3939	157
3940	157
3941	157
3942	157
3943	157
3944	157
3945	157
3946	157
3947	157
3948	157
3949	157
3950	157
3951	157
3952	157
3953	157
3954	157
3955	157
3956	157
3957	157
3958	157
3959	157
3960	157
3961	157
3962	157
3963	157
3964	157
3965	157
3966	157
3967	157
3968	157
3969	157
3970	157
3971	156
3972	157
3973	157
3974	156
3975	157
3976	157
3977	156
3978	156
3979	157
3980	156
3981	156
3982	156
3983	156
3984	156
3985	156
3986	156
3987	156
3988	156
3989	156
3990	156
3991	156
3992	156
3993	156
3994	156
3995	156
3996	156
3997	156
3998	156
3999	156
4000	156
4001	156
4002	156
4003	156
4004	156
4005	156
4006	156
4007	156
4008	156
4009	155
4010	156
4011	156
4012	155
4013	155
4014	156
4015	156
4016	155
4017	155
4018	155
4019	155
4020	155
4021	155
4022	155
4023	155
4024	155
4025	155
4026	155
4027	155
4028	155
4029	155
4030	155
4031	155
4032	155
4033	155
4034	155
4035	155
4036	155
4037	155
4038	155
4039	155
4040	155
4041	155
4042	155
4043	155
4044	155
4045	155
4046	155
4047	155
4048	155
4049	155
4050	155
4051	154
4052	155
4053	155
4054	155
4055	154
4056	155
4057	154
4058	155
4059	154
4060	154
4061	154
4062	154
4063	154
4064	154
4065	154
4066	154
4067	154
4068	155
4069	154
4070	155
4071	154
4072	154
4073	154
4074	154
4075	154
4076	154
4077	154
4078	154
4079	154
4080	154
4081	154
4082	153
4083	154
4084	154
4085	154
4086	154
4087	154
4088	154
4089	154
4090	154
4091	154
4092	154
4093	154
4094	153
4095	153
4096	153
4097	153
4098	153
4099	153
4100	153
4101	153
4102	153
4103	153
4104	153
4105	153
4106	153
4107	153
4108	153
4109	153
4110	153
4111	153
4112	153
4113	153
4114	153
4115	153
4116	153
4117	153
4118	153
4119	153
4120	153
4121	153
4122	153
4123	153
4124	153
4125	153
4126	152
4127	152
4128	153
4129	153
4130	152
4131	153
4132	152
4133	152
4134	152
4135	153
4136	152
4137	152
4138	152
4139	152
4140	152
4141	153
4142	152
4143	152
4144	152
4145	152
4146	152
4147	152
4148	152
4149	152
4150	152
4151	152
4152	152
4153	152
4154	152
4155	152
4156	152
4157	151
4158	151
4159	152
4160	152
4161	151
4162	151
4163	151
4164	151
4165	151
4166	151
4167	151
4168	151
4169	151
4170	151
4171	151
4172	151
4173	151
4174	151
4175	151
4176	151
4177	151
4178	151
4179	151
4180	151
4181	151
4182	151
4183	151
4184	151
4185	151
4186	151
4187	151
4188	151
4189	151
4190	151
4191	151
4192	151
4193	151
4194	151
4195	151
4196	151
4197	151
4198	151
4199	151
4200	151
4201	151
4202	151
4203	150
4204	150
4205	150
4206	150
4207	150
4208	150
4209	150
4210	150
4211	150
4212	150
4213	150
4214	150
4215	150
4216	150
4217	150
4218	150
4219	150
4220	150
4221	150
4222	150
4223	150
4224	150
4225	150
4226	150
4227	149
4228	149
4229	149
4230	149
4231	149
4232	149
4233	149
4234	149
4235	149
4236	149
4237	149
4238	149
4239	149
4240	149
4241	149
4242	149
4243	149
4244	149
4245	149
4246	149
4247	149
4248	149
4249	149
4250	149
4251	149
4252	149
4253	149
4254	149
4255	148
4256	148
4257	149
4258	148
4259	149
4260	149
4261	148
4262	148
4263	148
4264	148
4265	148
4266	148
4267	148
4268	148
4269	148
4270	148
4271	148
4272	148
4273	148
4274	148
4275	148
4276	148
4277	148
4278	148
4279	148
4280	148
4281	148
4282	148
4283	148
4284	148
4285	148
4286	148
4287	148
4288	148
4289	148
4290	148
4291	148
4292	148
4293	148
4294	148
4295	148
4296	147
4297	147
4298	148
4299	148
4300	148
4301	148
4302	148
4303	147
4304	147
4305	147
4306	147
4307	147
4308	147
4309	147
4310	147
4311	147
4312	147
4313	147
4314	147
4315	147
4316	147
4317	147
4318	147
4319	147
4320	147
4321	147
4322	147
4323	147
4324	147
4325	146
4326	146
4327	146
4328	146
4329	146
4330	146
4331	146
4332	146
4333	147
4334	146
4335	146
4336	146
4337	147
4338	146
4339	146
4340	146
4341	146
4342	146
4343	146
4344	146
4345	146
4346	146
4347	146
4348	146
4349	146
4350	146
4351	146
4352	146
4353	146
4354	146
4355	146
4356	146
4357	146
4358	146
4359	146
4360	146
4361	146
4362	145
4363	145
4364	146
4365	146
4366	145
4367	146
4368	146
4369	145
4370	145
4371	146
4372	145
4373	145
4374	145
4375	145
4376	145
4377	145
4378	145
4379	145
4380	145
4381	145
4382	145
4383	145
4384	145
4385	145
4386	145
4387	145
4388	145
4389	145
4390	145
4391	145
4392	145
4393	145
4394	145
4395	145
4396	145
4397	144
4398	144
4399	145
4400	145
4401	145
4402	144
4403	144
4404	144
4405	144
4406	144
4407	144
4408	144
4409	144
4410	144
4411	144
4412	144
4413	144
4414	144
4415	144
4416	144
4417	144
4418	144
4419	144
4420	144
4421	144
4422	143
4423	143
4424	144
4425	143
4426	143
4427	143
4428	143
4429	143
4430	143
4431	143
4432	143
4433	143
4434	144
4435	143
4436	143
4437	143
4438	143
4439	143
4440	143
4441	143
4442	143
4443	143
4444	143
4445	143
4446	143
4447	143
4448	143
4449	143
4450	143
4451	143
4452	142
4453	142
4454	142
4455	142
4456	142
4457	142
4458	142
4459	142
4460	142
4461	142
4462	142
4463	142
4464	142
4465	142
4466	142
4467	142
4468	142
4469	142
4470	142
4471	142
4472	142
4473	142
4474	142
4475	142
4476	142
4477	142
4478	142
4479	142
4480	142
4481	142
4482	142
4483	142
4484	142
4485	142
4486	142
4487	142
4488	141
4489	142
4490	142
4491	142
4492	142
4493	142
4494	142
4495	141
4496	141
4497	141
4498	141
4499	142
4500	141
4501	141
4502	141
4503	141
4504	141
4505	141
4506	141
4507	141
4508	141
4509	141
4510	140
4511	141
4512	140
4513	140
4514	140
4515	140
4516	140
4517	140
4518	140
4519	140
4520	140
4521	140
4522	140
4523	140
4524	140
4525	139
4526	140
4527	140
4528	140
4529	139
4530	140
4531	139
4532	139
4533	139
4534	139
4535	139
4536	139
4537	139
4538	139
4539	139
4540	139
4541	139
4542	139
4543	139
4544	139
4545	139
4546	139
4547	139
4548	139
4549	139
4550	139
4551	139
4552	139
4553	139
4554	139
4555	139
4556	138
4557	139
4558	139
4559	138
4560	138
4561	138
4562	138
4563	138
4564	139
4565	138
4566	138
4567	138
4568	139
4569	138
4570	138
4571	138
4572	138
4573	138
4574	138
4575	138
4576	138
4577	138
4578	138
4579	138
4580	138
4581	137
4582	138
4583	138
4584	138
4585	138
4586	138
4587	137
4588	137
4589	138
4590	138
4591	138
4592	137
4593	137
4594	137
4595	138
4596	137
4597	137
4598	138
4599	137
4600	137
4601	137
4602	137
4603	137
4604	137
4605	137
4606	137
4607	137
4608	137
4609	137
4610	137
4611	137
4612	137
4613	137
4614	137
4615	137
4616	137
4617	137
4618	137
4619	137
4620	137
4621	137
4622	137
4623	137
4624	137
4625	137
4626	137
4627	137
4628	136
4629	136
4630	136
4631	136
4632	136
4633	136
4634	136
4635	136
4636	136
4637	136
4638	136
4639	136
4640	136
4641	136
4642	136
4643	136
4644	136
4645	136
4646	136
4647	136
4648	136
4649	136
4650	136
4651	136
4652	136
4653	135
4654	136
4655	135
4656	135
4657	135
4658	135
4659	135
4660	135
4661	135
4662	135
4663	135
4664	135
4665	135
4666	135
4667	135
4668	135
4669	135
4670	135
4671	135
4672	135
4673	135
4674	135
4675	135
4676	135
4677	135
4678	135
4679	135
4680	134
4681	134
4682	134
4683	134
4684	134
4685	135
4686	134
4687	134
4688	134
4689	134
4690	134
4691	134
4692	134
4693	134
4694	133
4695	133
4696	134
4697	134
4698	133
4699	134
4700	133
4701	133
4702	133
4703	133
4704	133
4705	133
4706	133
4707	133
4708	133
4709	133
4710	133
4711	133
4712	132
4713	132
4714	132
4715	132
4716	132
4717	132
4718	132
4719	132
4720	132
4721	132
4722	131
4723	131
4724	131
4725	131
4726	131
4727	132
4728	131
4729	131
4730	131
4731	131
4732	131
4733	131
4734	131
4735	131
4736	131
4737	131
4738	131
4739	131
4740	131
4741	131
4742	131
4743	131
4744	131
4745	131
4746	131
4747	131
4748	131
4749	131
4750	131
4751	131
4752	130
4753	130
4754	130
4755	131
4756	131
4757	131
4758	130
4759	130
4760	130
4761	130
4762	130
4763	130
4764	130
4765	130
4766	130
4767	130
4768	130
4769	130
4770	130
4771	130
4772	130
4773	130
4774	130
4775	130
4776	130
4777	130
4778	130
4779	130
4780	130
4781	130
4782	130
4783	130
4784	129
4785	129
4786	130
4787	130
4788	129
4789	129
4790	129
4791	129
4792	130
4793	129
4794	129
4795	129
4796	129
4797	129
4798	129
4799	129
4800	129
4801	129
4802	129
4803	129
4804	129
4805	129
4806	129
4807	129
4808	129
4809	129
4810	129
4811	128
4812	128
4813	128
4814	128
4815	128
4816	128
4817	128
4818	128
4819	128
4820	128
4821	128
4822	128
4823	129
4824	128
4825	128
4826	128
4827	128
4828	128
4829	128
4830	128
4831	128
4832	128
4833	128
4834	128
4835	128
4836	128
4837	128
4838	128
4839	128
4840	128
4841	128
4842	128
4843	128
4844	128
4845	128
4846	128
4847	128
4848	128
4849	127
4850	127
4851	127
4852	128
4853	128
4854	127
4855	127
4856	127
4857	127
4858	127
4859	127
4860	127
4861	127
4862	127
4863	127
4864	127
4865	127
4866	127
4867	127
4868	127
4869	126
4870	126
4871	127
4872	126
4873	127
4874	127
4875	126
4876	126
4877	126
4878	126
4879	126
4880	126
4881	126
4882	126
4883	126
4884	126
4885	126
4886	126
4887	126
4888	126
4889	126
4890	126
4891	126
4892	126
4893	126
4894	126
4895	126
4896	126
4897	126
4898	126
4899	126
4900	126
4901	126
4902	126
4903	126
4904	126
4905	126
4906	126
4907	126
4908	126
4909	126
4910	126
4911	126
4912	126
4913	126
4914	126
4915	125
4916	125
4917	125
4918	125
4919	125
4920	125
4921	125
4922	125
4923	125
4924	125
4925	125
4926	125
4927	125
4928	125
4929	125
4930	125
4931	125
4932	125
4933	125
4934	125
4935	124
4936	124
4937	124
4938	124
4939	124
4940	124
4941	124
4942	124
4943	124
4944	124
4945	124
4946	124
4947	124
4948	124
4949	124
4950	124
4951	123
4952	123
4953	123
4954	124
4955	124
4956	123
4957	123
4958	123
4959	123
4960	123
4961	123
4962	123
4963	123
4964	123
4965	123
4966	123
4967	123
4968	123
4969	123
4970	123
4971	123
4972	123
4973	123
4974	123
4975	123
4976	123
4977	123
4978	123
4979	123
4980	123
4981	122
4982	122
4983	122
4984	122
4985	122
4986	122
4987	122
4988	122
4989	122
4990	122
4991	122
4992	122
4993	122
4994	122
4995	122
4996	122
4997	122
4998	122
4999	122
5000	122
5001	122
5002	122
5003	122
5004	122
5005	122
5006	122
5007	122
5008	122
5009	122
5010	122
5011	122
5012	121
5013	121
5014	122
5015	121
5016	121
5017	121
5018	121
5019	121
5020	121
5021	121
5022	121
5023	121
5024	121
5025	121
5026	121
5027	122
5028	121
5029	121
5030	121
5031	121
5032	122
5033	121
5034	121
5035	121
5036	121
5037	121
5038	121
5039	121
5040	121
5041	121
5042	121
5043	121
5044	121
5045	121
5046	121
5047	121
5048	121
5049	120
5050	120
5051	121
5052	121
5053	120
5054	120
5055	120
5056	121
5057	121
5058	120
5059	120
5060	120
5061	120
5062	120
5063	120
5064	120
5065	120
5066	120
5067	120
5068	120
5069	120
5070	120
5071	120
5072	120
5073	120
5074	120
5075	120
5076	120
5077	120
5078	120
5079	119
5080	120
5081	120
5082	119
5083	119
5084	119
5085	119
5086	119
5087	119
5088	119
5089	119
5090	119
5091	119
5092	119
5093	119
5094	119
5095	118
5096	118
5097	118
5098	118
5099	118
5100	118
5101	118
5102	118
5103	118
5104	118
5105	118
5106	118
5107	118
5108	118
5109	118
5110	118
5111	117
5112	117
5113	118
5114	118
5115	117
5116	117
5117	117
5118	117
5119	117
5120	117
5121	117
5122	117
5123	117
5124	117
5125	117
5126	116
5127	117
5128	117
5129	117
5130	117
5131	117
5132	117
5133	117
5134	116
5135	116
5136	116
5137	116
5138	116
5139	116
5140	116
5141	116
5142	116
5143	116
5144	116
5145	116
5146	116
5147	116
5148	116
5149	116
5150	115
5151	115
5152	115
5153	115
5154	115
5155	115
5156	115
5157	115
5158	115
5159	115
5160	115
5161	115
5162	115
5163	115
5164	115
5165	115
5166	115
5167	115
5168	115
5169	115
5170	115
5171	114
5172	114
5173	114
5174	114
5175	114
5176	114
5177	114
5178	114
5179	114
5180	114
5181	114
5182	114
5183	114
5184	114
5185	114
5186	114
5187	114
5188	114
5189	114
5190	114
5191	114
5192	114
5193	114
5194	113
5195	113
5196	113
5197	114
5198	113
5199	113
5200	113
5201	113
5202	114
5203	113
5204	113
5205	113
5206	113
5207	113
5208	113
5209	113
5210	113
5211	113
5212	113
5213	113
5214	113
5215	113
5216	113
5217	113
5218	113
5219	113
5220	113
5221	113
5222	113
5223	113
5224	113
5225	113
5226	113
5227	113
5228	113
5229	113
5230	113
5231	113
5232	113
5233	113
5234	113
5235	113
5236	113
5237	112
5238	112
5239	113
5240	113
5241	112
5242	112
5243	113
5244	112
5245	112
5246	112
5247	112
5248	112
5249	112
5250	112
5251	112
5252	112
5253	112
5254	112
5255	112
5256	112
5257	112
5258	112
5259	112
5260	112
5261	112
5262	112
5263	111
5264	112
5265	111
5266	112
5267	112
5268	112
5269	112
5270	112
5271	112
5272	111
5273	111
5274	112
5275	112
5276	111
5277	111
5278	111
5279	111
5280	111
5281	111
5282	111
5283	111
5284	111
5285	111
5286	111
5287	111
5288	111
5289	111
5290	111
5291	111
5292	111
5293	111
5294	111
5295	111
5296	111
5297	111
5298	111
5299	111
5300	111
5301	111
5302	111
5303	111
5304	111
5305	111
5306	111
5307	111
5308	111
5309	111
5310	111
5311	111
5312	111
5313	111
5314	111
5315	111
5316	111
5317	111
5318	111
5319	111
5320	111
5321	111
5322	111
5323	111
5324	111
5325	111
5326	111
5327	111
5328	111
5329	111
5330	111
5331	111
5332	111
5333	111
5334	111
5335	111
5336	110
5337	110
5338	111
5339	110
5340	110
5341	110
5342	110
5343	110
5344	110
5345	110
5346	110
5347	110
5348	110
5349	110
5350	110
5351	110
5352	110
5353	110
5354	110
5355	109
5356	110
5357	110
5358	109
5359	109
5360	109
5361	109
5362	109
5363	109
5364	109
5365	109
5366	109
5367	109
5368	109
5369	109
5370	109
5371	109
5372	109
5373	109
5374	109
5375	109
5376	109
5377	109
5378	109
5379	109
5380	108
5381	109
5382	109
5383	108
5384	108
5385	108
5386	108
5387	108
5388	108
5389	108
5390	108
5391	108
5392	108
5393	108
5394	107
5395	108
5396	108
5397	107
5398	108
5399	108
5400	108
5401	107
5402	107
5403	108
5404	107
5405	107
5406	107
5407	107
5408	107
5409	107
5410	107
5411	107
5412	107
5413	107
5414	107
5415	107
5416	107
5417	106
5418	107
5419	107
5420	106
5421	107
5422	107
5423	106
5424	106
5425	107
5426	106
5427	106
5428	106
5429	106
5430	106
5431	106
5432	107
5433	106
5434	106
5435	106
5436	107
5437	106
5438	106
5439	107
5440	107
5441	106
5442	107
5443	107
5444	107
5445	107
5446	107
5447	107
5448	107
5449	107
5450	107
5451	107
5452	107
5453	107
5454	107
5455	107
5456	107
5457	107
5458	108
5459	108
5460	107
5461	108
5462	108
5463	108
5464	108
5465	108
5466	108
5467	108
5468	108
5469	108
5470	108
5471	108
5472	108
5473	108
5474	108
5475	108
5476	108
5477	108
5478	108
5479	108
5480	108
5481	108
5482	108
5483	108
5484	108
5485	108
5486	108
5487	108
5488	108
5489	108
5490	108
5491	108
5492	108
5493	108
5494	108
5495	108
5496	108
5497	108
5498	108
5499	108
5500	108
5501	108
5502	108
5503	108
5504	108
5505	108
5506	108
5507	107
5508	108
5509	108
5510	108
5511	108
5512	108
5513	108
5514	107
5515	107
5516	108
5517	108
5518	108
5519	108
5520	108
5521	108
5522	108
5523	107
5524	107
5525	107
5526	108
5527	108
5528	107
5529	108
5530	108
5531	107
5532	107
5533	108
5534	108
5535	107
5536	107
5537	108
5538	107
5539	107
5540	108
5541	107
5542	107
5543	107
5544	107
5545	107
5546	107
5547	107
5548	107
5549	107
5550	107
5551	107
5552	107
5553	107
5554	107
5555	107
5556	107
5557	107
5558	107
5559	107
5560	107
5561	107
5562	107
5563	107
5564	106
5565	107
5566	107
5567	107
5568	106
5569	107
5570	106
5571	106
5572	106
5573	107
5574	106
5575	106
5576	106
5577	106
5578	106
5579	106
5580	106
5581	106
5582	106
5583	106
5584	106
5585	106
5586	106
5587	106
5588	106
5589	106
5590	106
5591	106
5592	106
5593	106
5594	106
5595	106
5596	105
5597	106
5598	105
5599	106
5600	106
5601	106
5602	105
5603	106
5604	105
5605	105
5606	105
5607	106
5608	105
5609	105
5610	105
5611	105
5612	105
5613	105
5614	105
5615	105
5616	105
5617	105
5618	105
5619	105
5620	105
5621	105
5622	105
5623	105
5624	105
5625	104
5626	104
5627	104
5628	104
5629	104
5630	105
5631	104
5632	104
5633	104
5634	104
5635	104
5636	104
5637	104
5638	104
5639	104
5640	104
5641	104
5642	104
5643	104
5644	103
5645	104
5646	103
5647	103
5648	103
5649	103
5650	103
5651	103
5652	103
5653	103
5654	103
5655	103
5656	103
5657	103
5658	102
5659	103
5660	103
5661	103
5662	103
5663	102
5664	102
5665	102
5666	102
5667	102
5668	102
5669	102
5670	102
5671	102
5672	102
5673	102
5674	102
5675	102
5676	102
5677	102
5678	102
5679	101
5680	101
5681	101
5682	101
5683	101
5684	101
5685	101
5686	101
5687	101
5688	101
5689	101
5690	101
5691	101
5692	100
5693	101
5694	100
5695	101
5696	100
5697	101
5698	100
5699	100
5700	100
5701	100
5702	100
5703	100
5704	100
5705	100
5706	100
5707	100
5708	100
5709	100
5710	100
5711	100
5712	100
5713	100
5714	100
5715	100
5716	100
5717	100
5718	100
5719	100
5720	100
5721	100
5722	100
5723	100
5724	100
5725	100
5726	100
5727	100
5728	100
5729	100
5730	100
5731	100
5732	100
5733	100
5734	100
5735	100
5736	100
5737	100
5738	100
5739	100
5740	100
5741	100
5742	100
5743	100
5744	99
5745	100
5746	100
5747	99
5748	100
5749	100
5750	99
5751	99
5752	99
5753	99
5754	99
5755	99
5756	99
5757	99
5758	99
5759	99
5760	99
5761	99
5762	99
5763	99
5764	99
5765	99
5766	99
5767	98
5768	99
5769	98
5770	98
5771	98
5772	98
5773	98
5774	98
5775	98
5776	98
5777	98
5778	98
5779	97
5780	97
5781	98
5782	97
5783	97
5784	97
5785	97
5786	97
5787	97
5788	97
5789	97
5790	97
5791	96
5792	96
5793	96
5794	96
5795	96
5796	96
5797	96
5798	96
5799	96
5800	96
5801	95
5802	95
5803	95
5804	95
5805	95
5806	95
5807	95
5808	95
5809	95
5810	95
5811	95
5812	95
5813	95
5814	95
5815	95
5816	95
5817	95
5818	95
5819	95
5820	95
5821	95
5822	95
5823	95
5824	95
5825	95
5826	95
5827	95
5828	94
5829	94
5830	94
5831	94
5832	94
5833	94
5834	94
5835	95
5836	94
5837	95
5838	94
5839	95
5840	94
5841	94
5842	94
5843	94
5844	94
5845	94
5846	94
5847	94
5848	94
5849	94
5850	94
5851	94
5852	94
5853	94
5854	94
5855	94
5856	94
5857	94
5858	94
5859	94
5860	94
5861	94
5862	93
5863	94
5864	93
5865	93
5866	93
5867	93
5868	93
5869	93
5870	93
5871	93
5872	93
5873	93
5874	93
5875	93
5876	93
5877	93
5878	93
5879	93
5880	93
5881	93
5882	93
5883	93
5884	93
5885	93
5886	93
5887	93
5888	93
5889	93
5890	93
5891	93
5892	93
5893	93
5894	93
5895	93
5896	93
5897	93
5898	92
5899	93
5900	92
5901	92
5902	92
5903	92
5904	92
5905	92
5906	92
5907	92
5908	92
5909	92
5910	92
5911	92
5912	92
5913	92
5914	92
5915	92
5916	92
5917	92
5918	92
5919	92
5920	92
5921	92
5922	92
5923	91
5924	92
5925	92
5926	91
5927	91
5928	91
5929	92
5930	91
5931	91
5932	91
5933	91
5934	91
5935	91
5936	91
5937	91
5938	91
5939	91
5940	91
5941	91
5942	91
5943	91
5944	91
5945	91
5946	91
5947	91
5948	91
5949	91
5950	91
5951	91
5952	91
5953	91
5954	91
5955	91
5956	91
5957	91
5958	91
5959	91
5960	90
5961	91
5962	90
5963	91
5964	90
5965	91
5966	90
5967	90
5968	91
5969	90
5970	91
5971	90
5972	91
5973	90
5974	90
5975	90
5976	90
5977	90
5978	90
5979	90
5980	90
5981	90
5982	90
5983	90
5984	90
5985	90
5986	90
5987	90
5988	90
5989	90
5990	90
5991	90
5992	90
5993	90
5994	90
5995	90
5996	90
5997	90
5998	90
5999	90
6000	89
6001	89
6002	90
6003	89
6004	89
6005	89
6006	89
6007	89
6008	89
6009	89
6010	89
6011	89
6012	89
6013	89
6014	89
6015	89
6016	89
6017	89
6018	89
6019	89
6020	89
6021	89
6022	89
6023	89
6024	88
6025	89
6026	88
6027	88
6028	88
6029	88
6030	88
6031	88
6032	88
6033	88
6034	88
6035	88
6036	88
6037	88
6038	88
6039	88
6040	88
6041	88
6042	88
6043	88
6044	88
6045	87
6046	88
6047	88
6048	88
6049	87
6050	87
6051	87
6052	87
6053	87
6054	87
6055	87
6056	87
6057	87
6058	87
6059	87
6060	87
6061	87
6062	87
6063	87
6064	87
6065	87
6066	87
6067	87
6068	87
6069	87
6070	87
6071	87
6072	87
6073	87
6074	87
6075	87
6076	87
6077	87
6078	87
6079	87
6080	87
6081	87
6082	87
6083	86
6084	87
6085	86
6086	86
6087	86
6088	86
6089	86
6090	86
6091	86
6092	86
6093	86
6094	86
6095	86
6096	86
6097	86
6098	86
6099	86
6100	86
6101	86
6102	86
6103	85
6104	85
6105	85
6106	85
6107	85
6108	85
6109	85
6110	85
6111	85
6112	85
6113	85
6114	85
6115	85
6116	85
6117	85
6118	85
6119	85
6120	85
6121	85
6122	85
6123	84
6124	85
6125	84
6126	84
6127	84
6128	84
6129	84
6130	84
6131	84
6132	84
6133	84
6134	84
6135	84
6136	84
6137	84
6138	84
6139	84
6140	84
6141	84
6142	84
6143	84
6144	84
6145	84
6146	84
6147	84
6148	84
6149	84
6150	83
6151	84
6152	84
6153	84
6154	83
6155	84
6156	83
6157	83
6158	83
6159	84
6160	83
6161	84
6162	83
6163	83
6164	83
6165	83
6166	83
6167	83
6168	83
6169	83
6170	83
6171	83
6172	83
6173	82
6174	82
6175	82
6176	82
6177	82
6178	82
6179	82
6180	82
6181	82
6182	82
6183	82
6184	82
6185	82
6186	82
6187	82
6188	82
6189	82
6190	82
6191	82
6192	82
6193	82
6194	81
6195	82
6196	81
6197	82
6198	81
6199	81
6200	81
6201	81
6202	81
6203	81
6204	81
6205	81
6206	81
6207	81
6208	81
6209	81
6210	81
6211	81
6212	81
6213	81
6214	81
6215	80
6216	81
6217	80
6218	80
6219	80
6220	80
6221	80
6222	80
6223	80
6224	80
6225	80
6226	80
6227	80
6228	80
6229	80
6230	80
6231	80
6232	80
6233	80
6234	80
6235	80
6236	80
6237	80
6238	80
6239	80
6240	80
6241	80
6242	80
6243	80
6244	80
6245	80
6246	80
6247	80
6248	80
6249	80
6250	80
6251	80
6252	80
6253	80
6254	80
6255	80
6256	80
6257	80
6258	80
6259	80
6260	79
6261	80
6262	79
6263	80
6264	79
6265	79
6266	79
6267	79
6268	80
6269	79
6270	79
6271	79
6272	79
6273	79
6274	79
6275	79
6276	79
6277	79
6278	79
6279	79
6280	79
6281	79
6282	79
6283	79
6284	79
6285	79
6286	79
6287	79
6288	79
6289	78
6290	78
6291	78
6292	78
6293	78
6294	78
6295	78
6296	78
6297	78
6298	78
6299	78
6300	78
6301	78
6302	78
6303	78
6304	78
6305	78
6306	78
6307	78
6308	78
6309	78
6310	78
6311	78
6312	78
6313	78
6314	78
6315	78
6316	78
6317	78
6318	78
6319	78
6320	78
6321	77
6322	77
6323	77
6324	77
6325	77
6326	77
6327	77
6328	77
6329	77
6330	77
6331	77
6332	77
6333	77
6334	77
6335	77
6336	77
6337	77
6338	77
6339	77
6340	77
6341	77
6342	77
6343	77
6344	76
6345	77
6346	76
6347	76
6348	76
6349	76
6350	76
6351	76
6352	76
6353	76
6354	76
6355	76
6356	76
6357	76
6358	76
6359	76
6360	76
6361	76
6362	76
6363	76
6364	76
6365	76
6366	76
6367	76
6368	76
6369	75
6370	76
6371	75
6372	76
6373	75
6374	75
6375	75
6376	75
6377	75
6378	75
6379	75
6380	75
6381	75
6382	75
6383	75
6384	75
6385	75
6386	75
6387	75
6388	75
6389	75
6390	75
6391	75
6392	75
6393	75
6394	75
6395	75
6396	75
6397	75
6398	75
6399	75
6400	75
6401	75
6402	74
6403	75
6404	74
6405	74
6406	74
6407	74
6408	74
6409	74
6410	74
6411	74
6412	74
6413	74
6414	74
6415	74
6416	74
6417	74
6418	74
6419	74
6420	74
6421	74
6422	74
6423	74
6424	74
6425	73
6426	74
6427	74
6428	73
6429	74
6430	73
6431	73
6432	73
6433	73
6434	73
6435	73
6436	73
6437	73
6438	73
6439	73
6440	73
6441	73
6442	73
6443	73
6444	73
6445	73
6446	73
6447	73
6448	73
6449	73
6450	73
6451	73
6452	73
6453	73
6454	73
6455	73
6456	73
6457	73
6458	73
6459	73
6460	73
6461	73
6462	73
6463	73
6464	73
6465	73
6466	73
6467	73
6468	73
6469	73
6470	72
6471	72
6472	72
6473	72
6474	73
6475	72
6476	72
6477	72
6478	72
6479	72
6480	72
6481	72
6482	72
6483	72
6484	72
6485	72
6486	72
6487	72
6488	72
6489	72
6490	72
6491	72
6492	72
6493	72
6494	72
6495	71
6496	71
6497	71
6498	71
6499	71
6500	71
6501	71
6502	71
6503	71
6504	71
6505	71
6506	71
6507	71
6508	71
6509	71
6510	71
6511	71
6512	71
6513	71
6514	71
6515	71
6516	71
6517	71
6518	71
6519	71
6520	71
6521	71
6522	71
6523	71
6524	70
6525	71
6526	70
6527	71
6528	71
6529	70
6530	70
6531	70
6532	70
6533	70
6534	70
6535	70
6536	70
6537	70
6538	71
6539	70
6540	70
6541	70
6542	69
6543	70
6544	70
6545	69
6546	70
6547	69
6548	70
6549	70
6550	69
6551	70
6552	69
6553	69
6554	70
6555	69
6556	70
6557	69
6558	69
6559	70
6560	69
6561	69
6562	69
6563	69
6564	69
6565	69
6566	69
6567	69
6568	69
6569	69
6570	69
6571	69
6572	69
6573	69
6574	69
6575	69
6576	69
6577	69
6578	69
6579	69
6580	69
6581	69
6582	69
6583	69
6584	69
6585	69
6586	69
6587	69
6588	69
6589	69
6590	69
6591	69
6592	69
6593	69
6594	69
6595	69
6596	69
6597	69
6598	69
6599	69
6600	69
6601	69
6602	69
6603	69
6604	69
6605	69
6606	69
6607	69
6608	69
6609	69
6610	69
6611	69
6612	69
6613	69
6614	69
6615	69
6616	69
6617	69
6618	69
6619	69
6620	69
6621	69
6622	69
6623	69
6624	69
6625	69
6626	69
6627	69
6628	69
6629	69
6630	69
6631	69
6632	68
6633	69
6634	69
6635	69
6636	69
6637	69
6638	69
6639	69
6640	69
6641	69
6642	69
6643	69
6644	68
6645	68
6646	69
6647	68
6648	68
6649	69
6650	68
6651	68
6652	68
6653	68
6654	68
6655	69
6656	68
6657	68
6658	68
6659	68
6660	68
6661	68
6662	68
6663	68
6664	68
6665	68
6666	68
6667	68
6668	68
6669	68
6670	68
6671	68
6672	68
6673	68
6674	68
6675	68
6676	68
6677	68
6678	68
6679	68
6680	68
6681	68
6682	68
6683	68
6684	67
6685	67
6686	67
6687	67
6688	67
6689	67
6690	67
6691	67
6692	67
6693	67
6694	67
6695	67
6696	67
6697	67
6698	67
6699	67
6700	67
6701	67
6702	67
6703	67
6704	67
6705	67
6706	67
6707	67
6708	67
6709	67
6710	67
6711	67
6712	67
6713	67
6714	67
6715	67
6716	67
6717	67
6718	67
6719	67
6720	67
6721	67
6722	67
6723	67
6724	67
6725	67
6726	67
6727	67
6728	67
6729	67
6730	67
6731	67
6732	67
6733	67
6734	66
6735	66
6736	67
6737	67
6738	66
6739	66
6740	67
6741	67
6742	66
6743	66
6744	67
6745	67
6746	66
6747	66
6748	67
6749	66
6750	66
6751	66
6752	67
6753	66
6754	66
6755	66
6756	66
6757	66
6758	66
6759	66
6760	66
6761	66
6762	66
6763	66
6764	66
6765	66
6766	66
6767	66
6768	66
6769	66
6770	66
6771	66
6772	66
6773	66
6774	66
6775	66
6776	66
6777	66
6778	66
6779	66
6780	66
6781	66
6782	66
6783	66
6784	66
6785	65
6786	65
6787	65
6788	65
6789	65
6790	65
6791	65
6792	65
6793	65
6794	65
6795	65
6796	65
6797	65
6798	65
6799	65
6800	65
6801	65
6802	65
6803	64
6804	64
6805	64
6806	65
6807	64
6808	64
6809	65
6810	64
6811	64
6812	64
6813	64
6814	64
6815	64
6816	64
6817	64
6818	64
6819	64
6820	64
6821	64
6822	64
6823	64
6824	64
6825	64
6826	64
6827	64
6828	64
6829	64
6830	64
6831	64
6832	63
6833	63
6834	64
6835	63
6836	64
6837	64
6838	63
6839	63
6840	63
6841	63
6842	63
6843	63
6844	63
6845	63
6846	63
6847	63
6848	63
6849	63
6850	63
6851	63
6852	63
6853	63
6854	63
6855	63
6856	63
6857	62
6858	63
6859	63
6860	63
6861	63
6862	63
6863	62
6864	62
6865	62
6866	63
6867	62
6868	62
6869	62
6870	62
6871	62
6872	63
6873	62
6874	62
6875	62
6876	62
6877	62
6878	62
6879	62
6880	62
6881	62
6882	62
6883	62
6884	62
6885	62
6886	62
6887	62
6888	62
6889	62
6890	62
6891	62
6892	62
6893	62
6894	62
6895	62
6896	62
6897	62
6898	62
6899	62
6900	62
6901	62
6902	62
6903	62
6904	62
6905	62
6906	62
6907	62
6908	61
6909	62
6910	62
6911	62
6912	61
6913	61
6914	61
6915	62
6916	62
6917	62
6918	61
6919	61
6920	61
6921	61
6922	61
6923	61
6924	61
6925	61
6926	61
6927	61
6928	61
6929	61
6930	61
6931	61
6932	61
6933	61
6934	61
6935	61
6936	61
6937	61
6938	61
6939	61
6940	61
6941	61
6942	61
6943	61
6944	61
6945	61
6946	61
6947	61
6948	61
6949	61
6950	61
6951	61
6952	61
6953	61
6954	61
6955	61
6956	61
6957	61
6958	61
6959	61
6960	61
6961	61
6962	61
6963	61
6964	61
6965	60
6966	61
6967	61
6968	61
6969	61
6970	60
6971	61
6972	61
6973	61
6974	61
6975	61
6976	60
6977	60
6978	60
6979	60
6980	60
6981	60
6982	60
6983	60
6984	60
6985	60
6986	60
6987	61
6988	60
6989	60
6990	60
6991	60
6992	60
6993	60
6994	60
6995	60
6996	60
6997	60
6998	60
6999	60
7000	60
7001	60
7002	60
7003	60
7004	60
7005	60
7006	60
7007	60
7008	60
7009	60
7010	60
7011	60
7012	60
7013	60
7014	60
7015	60
7016	60
7017	60
7018	60
7019	60
7020	60
7021	60
7022	60
7023	60
7024	60
7025	60
7026	60
7027	60
7028	60
7029	60
7030	60
7031	60
7032	60
7033	59
7034	59
7035	59
7036	60
7037	60
7038	59
7039	60
7040	59
7041	60
7042	60
7043	60
7044	60
7045	59
7046	59
7047	59
7048	59
7049	59
7050	59
7051	60
7052	59
7053	59
7054	59
7055	59
7056	59
7057	59
7058	59
7059	59
7060	59
7061	59
7062	59
7063	59
7064	59
7065	59
7066	59
7067	59
7068	59
7069	59
7070	59
7071	59
7072	59
7073	59
7074	59
7075	59
7076	58
7077	59
7078	59
7079	58
7080	59
7081	58
7082	58
7083	58
7084	58
7085	58
7086	58
7087	58
7088	58
7089	58
7090	58
7091	58
7092	58
7093	58
7094	58
7095	58
7096	58
7097	58
7098	58
7099	58
7100	58
7101	58
7102	58
7103	58
7104	58
7105	58
7106	58
7107	59
7108	58
7109	58
7110	58
7111	58
7112	58
7113	58
7114	58
7115	58
7116	58
7117	58
7118	58
7119	58
7120	58
7121	58
7122	58
7123	57
7124	58
7125	58
7126	58
7127	58
7128	58
7129	58
7130	58
7131	57
7132	57
7133	57
7134	57
7135	57
7136	57
7137	57
7138	57
7139	58
7140	57
7141	57
7142	57
7143	57
7144	57
7145	57
7146	57
7147	57
7148	57
7149	57
7150	57
7151	57
7152	57
7153	57
7154	57
7155	57
7156	56
7157	56
7158	56
7159	56
7160	57
7161	56
7162	56
7163	56
7164	56
7165	56
7166	56
7167	56
7168	56
7169	56
7170	56
7171	56
7172	56
7173	56
7174	56
7175	56
7176	56
7177	56
7178	55
7179	56
7180	56
7181	56
7182	56
7183	56
7184	56
7185	56
7186	56
7187	56
7188	56
7189	56
7190	56
7191	56
7192	56
7193	55
7194	56
7195	56
7196	56
7197	56
7198	56
7199	56
7200	56
7201	56
7202	56
7203	55
7204	56
7205	55
7206	56
7207	55
7208	55
7209	55
7210	55
7211	55
7212	55
7213	55
7214	55
7215	55
7216	55
7217	56
7218	55
7219	55
7220	55
7221	56
7222	55
7223	55
7224	56
7225	56
7226	55
7227	55
7228	55
7229	55
7230	55
7231	55
7232	55
7233	55
7234	55
7235	55
7236	55
7237	55
7238	55
7239	55
7240	55
7241	55
7242	55
7243	55
7244	55
7245	54
7246	55
7247	55
7248	54
7249	54
7250	54
7251	54
7252	55
7253	54
7254	55
7255	54
7256	55
7257	55
7258	55
7259	55
7260	55
7261	55
7262	55
7263	54
7264	55
7265	55
7266	55
7267	55
7268	54
7269	54
7270	54
7271	54
7272	54
7273	54
7274	54
7275	54
7276	54
7277	54
7278	54
7279	55
7280	54
7281	55
7282	54
7283	54
7284	54
7285	55
7286	55
7287	54
7288	55
7289	54
7290	54
7291	54
7292	54
7293	54
7294	54
7295	54
7296	54
7297	54
7298	54
7299	54
7300	54
7301	54
7302	54
7303	54
7304	54
7305	54
7306	54
7307	54
7308	54
7309	54
7310	55
7311	55
7312	54
7313	54
7314	54
7315	54
7316	54
7317	54
7318	54
7319	54
7320	54
7321	54
7322	54
7323	54
7324	54
7325	54
7326	54
7327	54
7328	54
7329	54
7330	54
7331	54
7332	54
7333	54
7334	54
7335	54
7336	54
7337	54
7338	54
7339	54
7340	54
7341	54
7342	54
7343	54
7344	54
7345	54
7346	53
7347	54
7348	54
7349	54
7350	54
7351	54
7352	53
7353	54
7354	54
7355	54
7356	54
7357	54
7358	54
7359	54
7360	54
7361	54
7362	54
7363	53
7364	53
7365	53
7366	53
7367	53
7368	53
7369	53
7370	53
7371	53
7372	53
7373	53
7374	53
7375	53
7376	53
7377	53
7378	53
7379	53
7380	53
7381	53
7382	53
7383	53
7384	53
7385	53
7386	53
7387	53
7388	53
7389	53
7390	53
7391	53
7392	53
7393	53
7394	53
7395	53
7396	53
7397	53
7398	53
7399	53
7400	53
7401	53
7402	53
7403	53
7404	53
7405	53
7406	53
7407	53
7408	53
7409	53
7410	53
7411	53
7412	53
7413	53
7414	53
7415	52
7416	52
7417	52
7418	52
7419	52
7420	52
7421	53
7422	52
7423	52
7424	52
7425	52
7426	52
7427	52
7428	52
7429	52
7430	52
7431	52
7432	52
7433	52
7434	52
7435	52
7436	52
7437	52
7438	52
7439	52
7440	52
7441	52
7442	52
7443	52
7444	52
7445	52
7446	52
7447	52
7448	52
7449	52
7450	52
7451	52
7452	52
7453	52
7454	52
7455	52
7456	52
7457	52
7458	52
7459	52
7460	52
7461	52
7462	52
7463	52
7464	52
7465	52
7466	52
7467	52
7468	52
7469	52
7470	52
7471	52
7472	52
7473	51
7474	52
7475	52
7476	52
7477	52
7478	52
7479	52
7480	52
7481	52
7482	52
7483	52
7484	52
7485	51
7486	52
7487	51
7488	52
7489	52
7490	52
7491	52
7492	52
7493	52
7494	52
7495	52
7496	52
7497	51
7498	51
7499	51
7500	51
7501	51
7502	51
7503	51
7504	51
7505	51
