1	298
2	298
3	298
4	285
5	285
6	285
7	285
8	285
9	285
10	284
11	284
12	284
13	285
14	284
15	284
16	284
17	283
18	283
19	283
20	270
21	271
22	270
23	270
24	283
25	283
26	282
27	282
28	283
29	282
30	282
31	282
32	282
33	281
34	282
35	282
36	281
37	281
38	281
39	281
40	281
41	281
42	281
43	280
44	280
45	281
46	280
47	280
48	280
49	280
50	280
51	279
52	280
53	279
54	279
55	279
56	279
57	279
58	279
59	279
60	279
61	279
62	279
63	279
64	278
65	279
66	278
67	278
68	279
69	278
70	278
71	278
72	278
73	278
74	278
75	278
76	278
77	278
78	278
79	278
80	278
81	278
82	278
83	278
84	277
85	278
86	278
87	277
88	276
89	277
90	277
91	277
92	276
93	277
94	277
95	276
96	276
97	277
98	276
99	276
100	277
101	276
102	276
103	276
104	276
105	275
106	276
107	276
108	275
109	275
110	275
111	275
112	275
113	275
114	275
115	275
116	274
117	275
118	275
119	275
120	275
121	274
122	275
123	275
124	274
125	274
126	274
127	274
128	274
129	274
130	274
131	274
132	274
133	274
134	274
135	274
136	274
137	274
138	274
139	274
140	274
141	274
142	274
143	274
144	273
145	274
146	274
147	274
148	274
149	273
150	273
151	273
152	273
153	273
154	273
155	273
156	273
157	272
158	272
159	273
160	272
161	272
162	273
163	273
164	273
165	272
166	272
167	272
168	272
169	273
170	272
171	272
172	272
173	272
174	272
175	272
176	272
177	272
178	272
179	272
180	272
181	272
182	272
183	272
184	271
185	271
186	272
187	271
188	271
189	272
190	272
191	271
192	272
193	271
194	272
195	271
196	271
197	271
198	271
199	271
200	271
201	271
202	271
203	271
204	270
205	270
206	270
207	270
208	270
209	270
210	270
211	270
212	270
213	270
214	270
215	270
216	270
217	270
218	270
219	270
220	270
221	270
222	270
223	270
224	270
225	270
226	269
227	269
228	269
229	269
230	270
231	269
232	269
233	269
234	270
235	269
236	270
237	270
238	269
239	270
240	269
241	269
242	269
243	269
244	269
245	269
246	269
247	269
248	269
249	269
250	269
251	268
252	269
253	269
254	269
255	264
256	264
257	264
258	264
259	264
260	264
261	264
262	263
263	273
264	273
265	273
266	273
267	273
268	273
269	273
270	273
271	273
272	273
273	272
274	272
275	272
276	273
277	273
278	272
279	272
280	272
281	272
282	272
283	272
284	272
285	272
286	272
287	272
288	272
289	273
290	273
291	273
292	273
293	273
294	273
295	274
296	273
297	273
298	273
299	273
300	273
301	272
302	272
303	273
304	273
305	272
306	273
307	272
308	272
309	272
310	272
311	272
312	272
313	272
314	272
315	272
316	272
317	272
318	272
319	272
320	272
321	271
322	272
323	271
324	272
325	271
326	271
327	271
328	271
329	272
330	271
331	271
332	272
333	271
334	271
335	271
336	271
337	271
338	271
339	271
340	271
341	271
342	271
343	271
344	271
345	271
346	271
347	271
348	270
349	271
350	270
351	271
352	271
353	273
354	273
355	273
356	270
357	268
358	268
359	268
360	270
361	271
362	268
363	268
364	268
365	267
366	267
367	267
368	268
369	267
370	267
371	269
372	269
373	268
374	268
375	269
376	268
377	268
378	268
379	268
380	269
381	269
382	268
383	268
384	268
385	269
386	268
387	268
388	269
389	268
390	268
391	269
392	268
393	269
394	268
395	268
396	268
397	268
398	268
399	268
400	268
401	268
402	268
403	268
404	267
405	267
406	267
407	267
408	268
409	268
410	268
411	267
412	267
413	267
414	266
415	266
416	266
417	266
418	266
419	266
420	266
421	266
422	266
423	265
424	266
425	265
426	266
427	265
428	265
429	265
430	265
431	265
432	265
433	265
434	265
435	265
436	265
437	265
438	265
439	265
440	265
441	265
442	263
443	263
444	265
445	267
446	267
447	267
448	268
449	267
450	267
451	267
452	267
453	267
454	267
455	267
456	267
457	267
458	267
459	266
460	266
461	267
462	266
463	266
464	266
465	266
466	266
467	266
468	267
469	266
470	266
471	266
472	266
473	266
474	266
475	266
476	266
477	266
478	266
479	266
480	266
481	266
482	266
483	266
484	266
485	265
486	265
487	266
488	266
489	265
490	265
491	265
492	266
493	265
494	265
495	265
496	265
497	265
498	265
499	265
500	265
501	265
502	265
503	265
504	265
505	265
506	265
507	265
508	265
509	265
510	265
511	265
512	264
513	265
514	265
515	264
516	264
517	264
518	264
519	264
520	265
521	265
522	264
523	264
524	264
525	264
526	265
527	264
528	264
529	264
530	263
531	264
532	264
533	264
534	264
535	264
536	263
537	263
538	263
539	263
540	264
541	263
542	263
543	263
544	263
545	263
546	263
547	263
548	263
549	263
550	263
551	263
552	263
553	263
554	263
555	263
556	263
557	263
558	263
559	263
560	263
561	263
562	263
563	263
564	263
565	263
566	263
567	263
568	263
569	263
570	263
571	263
572	263
573	263
574	263
575	262
576	262
577	262
578	262
579	262
580	262
581	262
582	262
583	262
584	262
585	262
586	262
587	262
588	262
589	262
590	261
591	262
592	262
593	262
594	261
595	262
596	261
597	261
598	261
599	261
600	261
601	261
602	261
603	261
604	261
605	261
606	261
607	261
608	261
609	261
610	261
611	261
612	261
613	261
614	261
615	261
616	261
617	261
618	261
619	261
620	261
621	261
622	261
623	261
624	261
625	261
626	261
627	261
628	261
629	261
630	261
631	261
632	261
633	261
634	261
635	261
636	260
637	260
638	260
639	260
640	260
641	260
642	260
643	260
644	260
645	260
646	260
647	260
648	259
649	260
650	260
651	260
652	260
653	259
654	259
655	259
656	259
657	259
658	259
659	259
660	259
661	259
662	259
663	259
664	259
665	259
666	259
667	259
668	259
669	259
670	258
671	259
672	259
673	259
674	259
675	258
676	258
677	259
678	258
679	259
680	258
681	258
682	258
683	258
684	258
685	258
686	258
687	258
688	258
689	258
690	258
691	258
692	258
693	258
694	258
695	258
696	258
697	258
698	258
699	257
700	258
701	258
702	258
703	257
704	258
705	258
706	257
707	257
708	257
709	257
710	257
711	257
712	257
713	257
714	257
715	257
716	257
717	257
718	257
719	257
720	257
721	257
722	256
723	257
724	256
725	256
726	257
727	256
728	257
729	256
730	256
731	256
732	256
733	256
734	256
735	256
736	256
737	256
738	256
739	256
740	256
741	257
742	256
743	256
744	256
745	256
746	256
747	256
748	256
749	256
750	256
751	256
752	256
753	256
754	255
755	255
756	256
757	255
758	256
759	255
760	255
761	256
762	255
763	255
764	255
765	255
766	255
767	255
768	255
769	256
770	256
771	255
772	255
773	255
774	255
775	255
776	255
777	254
778	255
779	255
780	255
781	255
782	254
783	254
784	254
785	254
786	254
787	254
788	254
789	254
790	254
791	254
792	254
793	254
794	254
795	254
796	254
797	254
798	254
799	254
800	254
801	254
802	253
803	254
804	254
805	253
806	254
807	254
808	253
809	253
810	254
811	253
812	253
813	253
814	253
815	254
816	253
817	253
818	253
819	253
820	253
821	253
822	253
823	253
824	253
825	253
826	253
827	253
828	253
829	252
830	253
831	253
832	252
833	253
834	252
835	252
836	252
837	252
838	252
839	252
840	253
841	252
842	252
843	252
844	252
845	252
846	252
847	252
848	252
849	252
850	252
851	252
852	252
853	252
854	252
855	252
856	252
857	252
858	252
859	252
860	251
861	251
862	252
863	251
864	251
865	251
866	252
867	251
868	251
869	252
870	252
871	251
872	251
873	251
874	251
875	251
876	251
877	251
878	251
879	251
880	251
881	251
882	251
883	251
884	250
885	251
886	251
887	250
888	250
889	250
890	250
891	250
892	250
893	250
894	250
895	250
896	250
897	250
898	250
899	250
900	250
901	250
902	249
903	250
904	250
905	250
906	250
907	249
908	249
909	250
910	250
911	250
912	249
913	249
914	249
915	249
916	249
917	249
918	249
919	249
920	249
921	249
922	249
923	249
924	249
925	249
926	249
927	249
928	249
929	249
930	249
931	249
932	249
933	249
934	249
935	249
936	249
937	249
938	249
939	249
940	248
941	248
942	248
943	248
944	248
945	248
946	248
947	248
948	248
949	248
950	248
951	248
952	248
953	248
954	248
955	248
956	248
957	248
958	248
959	248
960	248
961	247
962	247
963	247
964	247
965	247
966	247
967	247
968	247
969	247
970	247
971	247
972	247
973	247
974	247
975	247
976	247
977	247
978	247
979	247
980	247
981	247
982	247
983	247
984	247
985	247
986	247
987	247
988	247
989	247
990	247
991	247
992	247
993	246
994	246
995	247
996	246
997	247
998	247
999	246
1000	246
1001	246
1002	246
1003	246
1004	246
1005	246
1006	246
1007	246
1008	246
1009	246
1010	246
1011	246
1012	246
1013	246
1014	246
1015	246
1016	246
1017	246
1018	246
1019	246
1020	246
1021	246
1022	245
1023	245
1024	245
1025	245
1026	246
1027	245
1028	245
1029	245
1030	245
1031	245
1032	245
1033	245
1034	245
1035	245
1036	245
1037	245
1038	245
1039	245
1040	245
1041	245
1042	245
1043	245
1044	245
1045	245
1046	245
1047	245
1048	245
1049	244
1050	244
1051	244
1052	245
1053	244
1054	244
1055	244
1056	244
1057	245
1058	245
1059	244
1060	244
1061	244
1062	244
1063	244
1064	245
1065	244
1066	244
1067	244
1068	244
1069	244
1070	243
1071	244
1072	244
1073	244
1074	243
1075	244
1076	244
1077	244
1078	243
1079	243
1080	243
1081	243
1082	243
1083	243
1084	243
1085	243
1086	243
1087	243
1088	243
1089	243
1090	243
1091	243
1092	243
1093	243
1094	243
1095	243
1096	243
1097	243
1098	243
1099	240
1100	243
1101	245
1102	245
1103	245
1104	245
1105	245
1106	245
1107	245
1108	244
1109	243
1110	243
1111	241
1112	243
1113	243
1114	244
1115	243
1116	243
1117	243
1118	243
1119	243
1120	243
1121	243
1122	243
1123	243
1124	243
1125	243
1126	243
1127	243
1128	243
1129	243
1130	243
1131	243
1132	243
1133	243
1134	243
1135	243
1136	243
1137	242
1138	243
1139	242
1140	243
1141	242
1142	242
1143	242
1144	242
1145	242
1146	242
1147	242
1148	242
1149	242
1150	242
1151	242
1152	242
1153	242
1154	242
1155	242
1156	242
1157	242
1158	241
1159	242
1160	242
1161	242
1162	242
1163	242
1164	241
1165	242
1166	242
1167	241
1168	241
1169	241
1170	241
1171	241
1172	242
1173	241
1174	241
1175	241
1176	241
1177	241
1178	241
1179	241
1180	241
1181	241
1182	241
1183	241
1184	241
1185	241
1186	241
1187	241
1188	241
1189	241
1190	241
1191	241
1192	241
1193	241
1194	241
1195	241
1196	240
1197	241
1198	240
1199	241
1200	241
1201	240
1202	241
1203	240
1204	240
1205	241
1206	240
1207	240
1208	240
1209	240
1210	240
1211	240
1212	240
1213	240
1214	240
1215	240
1216	240
1217	240
1218	240
1219	240
1220	239
1221	240
1222	240
1223	240
1224	240
1225	240
1226	239
1227	240
1228	240
1229	239
1230	239
1231	240
1232	239
1233	239
1234	240
1235	239
1236	239
1237	239
1238	239
1239	239
1240	239
1241	239
1242	239
1243	239
1244	239
1245	239
1246	240
1247	239
1248	239
1249	239
1250	239
1251	239
1252	239
1253	239
1254	239
1255	239
1256	239
1257	239
1258	239
1259	239
1260	239
1261	239
1262	238
1263	239
1264	239
1265	238
1266	238
1267	239
1268	239
1269	238
1270	238
1271	238
1272	238
1273	238
1274	238
1275	238
1276	238
1277	238
1278	238
1279	238
1280	238
1281	238
1282	238
1283	238
1284	238
1285	237
1286	237
1287	238
1288	237
1289	237
1290	237
1291	237
1292	237
1293	237
1294	238
1295	237
1296	237
1297	237
1298	237
1299	237
1300	237
1301	237
1302	237
1303	237
1304	237
1305	237
1306	237
1307	237
1308	237
1309	237
1310	237
1311	237
1312	237
1313	237
1314	237
1315	237
1316	237
1317	237
1318	237
1319	237
1320	237
1321	237
1322	237
1323	237
1324	237
1325	237
1326	236
1327	236
1328	236
1329	236
1330	236
1331	236
1332	236
1333	236
1334	236
1335	236
1336	236
1337	236
1338	236
1339	236
1340	236
1341	236
1342	236
1343	236
1344	236
1345	236
1346	236
1347	236
1348	236
1349	236
1350	236
1351	236
1352	236
1353	236
1354	235
1355	236
1356	235
1357	235
1358	235
1359	235
1360	235
1361	235
1362	235
1363	235
1364	235
1365	235
1366	235
1367	235
1368	235
1369	235
1370	235
1371	235
1372	235
1373	235
1374	235
1375	235
1376	235
1377	235
1378	235
1379	234
1380	234
1381	235
1382	234
1383	234
1384	234
1385	234
1386	234
1387	235
1388	235
1389	235
1390	234
1391	234
1392	234
1393	234
1394	234
1395	234
1396	234
1397	234
1398	234
1399	234
1400	234
1401	234
1402	234
1403	234
1404	234
1405	234
1406	234
1407	234
1408	234
1409	234
1410	234
1411	234
1412	235
1413	234
1414	234
1415	234
1416	235
1417	234
1418	234
1419	234
1420	233
1421	234
1422	234
1423	234
1424	233
1425	233
1426	234
1427	233
1428	233
1429	233
1430	233
1431	233
1432	233
1433	233
1434	233
1435	232
1436	233
1437	233
1438	233
1439	233
1440	232
1441	233
1442	232
1443	232
1444	232
1445	232
1446	232
1447	233
1448	232
1449	232
1450	232
1451	232
1452	232
1453	232
1454	232
1455	232
1456	232
1457	232
1458	232
1459	232
1460	232
1461	232
1462	232
1463	232
1464	232
1465	232
1466	232
1467	232
1468	232
1469	232
1470	232
1471	232
1472	232
1473	232
1474	232
1475	232
1476	232
1477	232
1478	232
1479	232
1480	232
1481	232
1482	232
1483	232
1484	232
1485	232
1486	232
1487	231
1488	232
1489	231
1490	231
1491	231
1492	231
1493	231
1494	231
1495	231
1496	231
1497	231
1498	231
1499	231
1500	231
1501	231
1502	231
1503	231
1504	231
1505	231
1506	230
1507	230
1508	230
1509	230
1510	231
1511	231
1512	230
1513	231
1514	230
1515	230
1516	230
1517	230
1518	230
1519	230
1520	230
1521	230
1522	230
1523	230
1524	230
1525	230
1526	230
1527	230
1528	230
1529	230
1530	230
1531	230
1532	230
1533	230
1534	230
1535	230
1536	230
1537	230
1538	230
1539	230
1540	230
1541	229
1542	230
1543	230
1544	229
1545	230
1546	230
1547	229
1548	229
1549	230
1550	230
1551	229
1552	229
1553	229
1554	229
1555	229
1556	229
1557	229
1558	229
1559	229
1560	229
1561	230
1562	230
1563	229
1564	229
1565	229
1566	229
1567	229
1568	229
1569	229
1570	229
1571	229
1572	229
1573	229
1574	229
1575	228
1576	228
1577	228
1578	228
1579	228
1580	228
1581	228
1582	228
1583	228
1584	228
1585	228
1586	228
1587	228
1588	228
1589	228
1590	228
1591	228
1592	228
1593	228
1594	228
1595	228
1596	228
1597	228
1598	228
1599	228
1600	228
1601	228
1602	228
1603	228
1604	228
1605	228
1606	228
1607	227
1608	228
1609	227
1610	228
1611	227
1612	227
1613	228
1614	227
1615	228
1616	227
1617	227
1618	227
1619	227
1620	227
1621	227
1622	227
1623	227
1624	227
1625	227
1626	227
1627	227
1628	227
1629	227
1630	227
1631	227
1632	227
1633	227
1634	229
1635	229
1636	229
1637	229
1638	229
1639	229
1640	229
1641	228
1642	228
1643	228
1644	228
1645	227
1646	227
1647	228
1648	227
1649	227
1650	227
1651	227
1652	228
1653	228
1654	226
1655	226
1656	226
1657	226
1658	226
1659	226
1660	226
1661	226
1662	226
1663	226
1664	226
1665	226
1666	226
1667	226
1668	226
1669	226
1670	225
1671	225
1672	226
1673	226
1674	226
1675	226
1676	225
1677	225
1678	225
1679	226
1680	226
1681	225
1682	225
1683	225
1684	225
1685	225
1686	225
1687	225
1688	225
1689	225
1690	225
1691	225
1692	225
1693	225
1694	225
1695	225
1696	225
1697	225
1698	225
1699	225
1700	225
1701	225
1702	225
1703	225
1704	225
1705	225
1706	224
1707	225
1708	224
1709	225
1710	225
1711	225
1712	224
1713	225
1714	224
1715	224
1716	224
1717	224
1718	224
1719	225
1720	224
1721	224
1722	224
1723	224
1724	224
1725	224
1726	224
1727	224
1728	224
1729	224
1730	224
1731	224
1732	224
1733	224
1734	224
1735	224
1736	223
1737	223
1738	223
1739	223
1740	224
1741	224
1742	224
1743	223
1744	223
1745	223
1746	223
1747	223
1748	223
1749	223
1750	223
1751	223
1752	223
1753	223
1754	223
1755	223
1756	223
1757	223
1758	223
1759	223
1760	223
1761	223
1762	223
1763	223
1764	223
1765	223
1766	223
1767	223
1768	223
1769	223
1770	223
1771	223
1772	223
1773	223
1774	223
1775	223
1776	222
1777	222
1778	222
1779	222
1780	222
1781	223
1782	222
1783	222
1784	223
1785	222
1786	222
1787	222
1788	222
1789	223
1790	222
1791	222
1792	222
1793	222
1794	222
1795	222
1796	222
1797	222
1798	222
1799	222
1800	222
1801	222
1802	222
1803	222
1804	222
1805	222
1806	222
1807	222
1808	222
1809	222
1810	222
1811	221
1812	221
1813	221
1814	221
1815	221
1816	221
1817	221
1818	221
1819	221
1820	221
1821	221
1822	221
1823	221
1824	221
1825	221
1826	221
1827	221
1828	221
1829	221
1830	221
1831	221
1832	221
1833	221
1834	221
1835	221
1836	221
1837	221
1838	221
1839	221
1840	221
1841	221
1842	221
1843	221
1844	221
1845	221
1846	221
1847	221
1848	221
1849	220
1850	220
1851	220
1852	220
1853	220
1854	220
1855	220
1856	220
1857	220
1858	220
1859	220
1860	220
1861	220
1862	220
1863	220
1864	220
1865	220
1866	220
1867	220
1868	220
1869	220
1870	220
1871	220
1872	220
1873	220
1874	220
1875	220
1876	220
1877	220
1878	219
1879	219
1880	220
1881	220
1882	219
1883	219
1884	219
1885	219
1886	219
1887	219
1888	219
1889	219
1890	219
1891	219
1892	219
1893	219
1894	219
1895	219
1896	219
1897	219
1898	219
1899	220
1900	219
1901	219
1902	219
1903	219
1904	219
1905	219
1906	219
1907	219
1908	219
1909	219
1910	219
1911	219
1912	219
1913	219
1914	219
1915	219
1916	219
1917	219
1918	219
1919	218
1920	219
1921	219
1922	219
1923	218
1924	219
1925	218
1926	218
1927	218
1928	218
1929	219
1930	218
1931	218
1932	218
1933	218
1934	218
1935	218
1936	218
1937	218
1938	218
1939	218
1940	218
1941	218
1942	218
1943	218
1944	218
1945	218
1946	218
1947	218
1948	218
1949	217
1950	218
1951	217
1952	217
1953	218
1954	217
1955	217
1956	217
1957	217
1958	217
1959	218
1960	217
1961	217
1962	217
1963	217
1964	217
1965	217
1966	217
1967	217
1968	217
1969	217
1970	217
1971	217
1972	217
1973	217
1974	217
1975	217
1976	217
1977	217
1978	217
1979	217
1980	217
1981	217
1982	217
1983	217
1984	216
1985	217
1986	216
1987	217
1988	217
1989	216
1990	217
1991	216
1992	217
1993	216
1994	216
1995	216
1996	216
1997	216
1998	216
1999	216
2000	216
2001	216
2002	216
2003	216
2004	216
2005	216
2006	216
2007	215
2008	216
2009	216
2010	216
2011	216
2012	216
2013	215
2014	215
2015	215
2016	215
2017	216
2018	215
2019	215
2020	215
2021	215
2022	215
2023	215
2024	215
2025	215
2026	215
2027	215
2028	215
2029	215
2030	215
2031	215
2032	215
2033	215
2034	215
2035	215
2036	215
2037	215
2038	215
2039	215
2040	215
2041	215
2042	215
2043	215
2044	215
2045	215
2046	215
2047	215
2048	214
2049	214
2050	215
2051	214
2052	214
2053	214
2054	214
2055	214
2056	214
2057	213
2058	214
2059	214
2060	214
2061	213
2062	214
2063	214
2064	214
2065	214
2066	214
2067	214
2068	214
2069	214
2070	214
2071	214
2072	214
2073	214
2074	214
2075	214
2076	214
2077	214
2078	213
2079	214
2080	213
2081	213
2082	213
2083	213
2084	213
2085	213
2086	213
2087	213
2088	213
2089	213
2090	213
2091	213
2092	213
2093	213
2094	213
2095	213
2096	213
2097	213
2098	213
2099	212
2100	213
2101	212
2102	213
2103	213
2104	212
2105	213
2106	212
2107	212
2108	213
2109	212
2110	212
2111	212
2112	212
2113	212
2114	212
2115	212
2116	212
2117	212
2118	212
2119	212
2120	212
2121	212
2122	212
2123	212
2124	212
2125	212
2126	212
2127	212
2128	212
2129	212
2130	212
2131	212
2132	212
2133	212
2134	212
2135	212
2136	212
2137	212
2138	212
2139	211
2140	211
2141	212
2142	211
2143	211
2144	211
2145	212
2146	211
2147	211
2148	212
2149	211
2150	211
2151	211
2152	211
2153	211
2154	211
2155	211
2156	211
2157	211
2158	211
2159	211
2160	211
2161	211
2162	211
2163	211
2164	211
2165	210
2166	211
2167	211
2168	210
2169	210
2170	211
2171	211
2172	210
2173	210
2174	211
2175	210
2176	211
2177	210
2178	210
2179	210
2180	210
2181	211
2182	210
2183	210
2184	210
2185	210
2186	210
2187	210
2188	210
2189	210
2190	210
2191	210
2192	210
2193	210
2194	210
2195	210
2196	210
2197	210
2198	210
2199	210
2200	210
2201	210
2202	210
2203	210
2204	210
2205	210
2206	210
2207	210
2208	209
2209	209
2210	210
2211	210
2212	209
2213	209
2214	210
2215	209
2216	209
2217	210
2218	209
2219	209
2220	209
2221	209
2222	209
2223	209
2224	209
2225	209
2226	209
2227	209
2228	209
2229	209
2230	209
2231	209
2232	209
2233	209
2234	209
2235	209
2236	209
2237	209
2238	208
2239	208
2240	208
2241	208
2242	209
2243	209
2244	208
2245	208
2246	208
2247	208
2248	208
2249	208
2250	208
2251	208
2252	208
2253	208
2254	208
2255	208
2256	208
2257	208
2258	208
2259	208
2260	208
2261	208
2262	209
2263	208
2264	208
2265	208
2266	208
2267	208
2268	208
2269	208
2270	208
2271	208
2272	208
2273	208
2274	208
2275	208
2276	208
2277	208
2278	208
2279	208
2280	208
2281	208
2282	207
2283	207
2284	207
2285	207
2286	207
2287	207
2288	207
2289	207
2290	207
2291	207
2292	207
2293	207
2294	207
2295	207
2296	207
2297	207
2298	207
2299	207
2300	207
2301	207
2302	207
2303	207
2304	207
2305	207
2306	207
2307	207
2308	207
2309	207
2310	207
2311	207
2312	207
2313	207
2314	207
2315	206
2316	206
2317	207
2318	206
2319	207
2320	207
2321	207
2322	206
2323	206
2324	206
2325	206
2326	206
2327	206
2328	206
2329	206
2330	206
2331	206
2332	206
2333	206
2334	206
2335	206
2336	206
2337	206
2338	206
2339	206
2340	206
2341	206
2342	206
2343	206
2344	206
2345	206
2346	206
2347	206
2348	206
2349	206
2350	206
2351	206
2352	206
2353	206
2354	206
2355	206
2356	206
2357	206
2358	206
2359	206
2360	206
2361	205
2362	205
2363	205
2364	205
2365	205
2366	205
2367	205
2368	205
2369	205
2370	206
2371	205
2372	205
2373	205
2374	205
2375	205
2376	205
2377	205
2378	205
2379	205
2380	205
2381	205
2382	205
2383	205
2384	205
2385	204
2386	204
2387	205
2388	204
2389	205
2390	204
2391	204
2392	205
2393	204
2394	204
2395	204
2396	204
2397	205
2398	204
2399	204
2400	204
2401	204
2402	204
2403	204
2404	204
2405	204
2406	204
2407	204
2408	204
2409	204
2410	204
2411	204
2412	204
2413	204
2414	203
2415	204
2416	204
2417	204
2418	204
2419	204
2420	204
2421	204
2422	204
2423	204
2424	204
2425	204
2426	203
2427	204
2428	204
2429	204
2430	203
2431	203
2432	203
2433	204
2434	204
2435	203
2436	203
2437	203
2438	203
2439	203
2440	203
2441	203
2442	203
2443	203
2444	203
2445	203
2446	203
2447	203
2448	203
2449	203
2450	203
2451	203
2452	203
2453	202
2454	203
2455	203
2456	203
2457	202
2458	203
2459	203
2460	203
2461	202
2462	202
2463	202
2464	202
2465	202
2466	203
2467	203
2468	202
2469	202
2470	202
2471	202
2472	202
2473	202
2474	203
2475	202
2476	202
2477	202
2478	202
2479	202
2480	202
2481	202
2482	202
2483	202
2484	202
2485	202
2486	202
2487	202
2488	202
2489	202
2490	202
2491	201
2492	201
2493	201
2494	202
2495	202
2496	201
2497	201
2498	202
2499	201
2500	201
2501	201
2502	201
2503	201
2504	201
2505	202
2506	201
2507	201
2508	201
2509	201
2510	201
2511	201
2512	201
2513	201
2514	201
2515	201
2516	201
2517	201
2518	199
2519	201
2520	201
2521	201
2522	201
2523	201
2524	201
2525	201
2526	201
2527	201
2528	201
2529	200
2530	201
2531	201
2532	200
2533	201
2534	201
2535	200
2536	200
2537	200
2538	200
2539	200
2540	200
2541	200
2542	200
2543	200
2544	200
2545	200
2546	200
2547	200
2548	200
2549	200
2550	200
2551	200
2552	200
2553	200
2554	200
2555	200
2556	200
2557	200
2558	200
2559	200
2560	200
2561	199
2562	200
2563	199
2564	200
2565	199
2566	199
2567	199
2568	199
2569	199
2570	199
2571	199
2572	199
2573	199
2574	199
2575	199
2576	199
2577	199
2578	199
2579	199
2580	199
2581	199
2582	199
2583	199
2584	199
2585	199
2586	199
2587	199
2588	199
2589	199
2590	199
2591	199
2592	199
2593	199
2594	199
2595	199
2596	199
2597	198
2598	199
2599	198
2600	199
2601	198
2602	199
2603	199
2604	198
2605	198
2606	199
2607	199
2608	198
2609	198
2610	198
2611	198
2612	198
2613	198
2614	198
2615	198
2616	198
2617	198
2618	198
2619	198
2620	198
2621	198
2622	198
2623	198
2624	198
2625	198
2626	197
2627	198
2628	197
2629	198
2630	197
2631	198
2632	197
2633	197
2634	197
2635	198
2636	197
2637	198
2638	197
2639	197
2640	197
2641	197
2642	197
2643	198
2644	197
2645	197
2646	197
2647	197
2648	197
2649	197
2650	197
2651	197
2652	197
2653	197
2654	197
2655	197
2656	197
2657	197
2658	197
2659	197
2660	197
2661	197
2662	197
2663	197
2664	197
2665	197
2666	197
2667	197
2668	197
2669	197
2670	197
2671	197
2672	197
2673	196
2674	196
2675	196
2676	196
2677	196
2678	196
2679	197
2680	196
2681	196
2682	196
2683	196
2684	196
2685	196
2686	197
2687	196
2688	196
2689	196
2690	196
2691	196
2692	196
2693	196
2694	196
2695	196
2696	196
2697	196
2698	196
2699	196
2700	196
2701	196
2702	196
2703	196
2704	195
2705	196
2706	195
2707	195
2708	195
2709	195
2710	196
2711	195
2712	195
2713	195
2714	195
2715	196
2716	195
2717	195
2718	195
2719	195
2720	196
2721	195
2722	195
2723	195
2724	195
2725	195
2726	195
2727	195
2728	195
2729	195
2730	195
2731	195
2732	195
2733	195
2734	195
2735	195
2736	195
2737	195
2738	195
2739	195
2740	195
2741	195
2742	195
2743	194
2744	195
2745	194
2746	194
2747	195
2748	194
2749	194
2750	194
2751	194
2752	194
2753	194
2754	194
2755	194
2756	194
2757	194
2758	194
2759	194
2760	194
2761	194
2762	194
2763	194
2764	194
2765	194
2766	194
2767	194
2768	194
2769	193
2770	194
2771	194
2772	193
2773	194
2774	194
2775	193
2776	194
2777	194
2778	193
2779	193
2780	193
2781	193
2782	193
2783	193
2784	193
2785	193
2786	193
2787	193
2788	193
2789	193
2790	193
2791	193
2792	193
2793	193
2794	193
2795	193
2796	193
2797	193
2798	192
2799	193
2800	193
2801	192
2802	192
2803	193
2804	193
2805	192
2806	193
2807	193
2808	192
2809	192
2810	192
2811	192
2812	192
2813	192
2814	192
2815	192
2816	192
2817	192
2818	192
2819	192
2820	192
2821	192
2822	192
2823	192
2824	192
2825	192
2826	192
2827	191
2828	192
2829	192
2830	192
2831	192
2832	191
2833	192
2834	192
2835	191
2836	191
2837	191
2838	191
2839	191
2840	191
2841	191
2842	191
2843	191
2844	191
2845	191
2846	191
2847	191
2848	191
2849	191
2850	191
2851	191
2852	191
2853	191
2854	191
2855	190
2856	191
2857	191
2858	191
2859	190
2860	190
2861	191
2862	191
2863	190
2864	190
2865	190
2866	190
2867	190
2868	190
2869	190
2870	190
2871	190
2872	190
2873	190
2874	190
2875	190
2876	190
2877	190
2878	190
2879	190
2880	190
2881	190
2882	190
2883	190
2884	190
2885	190
2886	190
2887	190
2888	189
2889	189
2890	190
2891	190
2892	190
2893	189
2894	189
2895	189
2896	189
2897	190
2898	189
2899	189
2900	189
2901	189
2902	189
2903	189
2904	189
2905	189
2906	189
2907	189
2908	189
2909	189
2910	189
2911	189
2912	189
2913	188
2914	188
2915	188
2916	188
2917	189
2918	188
2919	188
2920	188
2921	188
2922	188
2923	188
2924	188
2925	188
2926	188
2927	188
2928	188
2929	188
2930	188
2931	188
2932	188
2933	188
2934	188
2935	188
2936	188
2937	188
2938	188
2939	188
2940	188
2941	188
2942	187
2943	188
2944	187
2945	188
2946	188
2947	187
2948	187
2949	187
2950	187
2951	187
2952	187
2953	187
2954	187
2955	187
2956	187
2957	187
2958	187
2959	187
2960	187
2961	187
2962	187
2963	187
2964	186
2965	186
2966	186
2967	186
2968	186
2969	186
2970	186
2971	187
2972	186
2973	186
2974	187
2975	186
2976	186
2977	186
2978	186
2979	186
2980	186
2981	186
2982	186
2983	186
2984	186
2985	186
2986	186
2987	186
2988	186
2989	186
2990	186
2991	186
2992	186
2993	186
2994	186
2995	186
2996	186
2997	186
2998	186
2999	186
3000	185
3001	185
3002	186
3003	186
3004	185
3005	185
3006	185
3007	185
3008	185
3009	185
3010	185
3011	185
3012	185
3013	185
3014	185
3015	185
3016	185
3017	185
3018	185
3019	185
3020	185
3021	185
3022	184
3023	184
3024	184
3025	184
3026	184
3027	184
3028	184
3029	184
3030	184
3031	184
3032	184
3033	184
3034	184
3035	184
3036	184
3037	184
3038	184
3039	184
3040	184
3041	184
3042	184
3043	184
3044	184
3045	184
3046	184
3047	184
3048	184
3049	184
3050	184
3051	184
3052	184
3053	184
3054	184
3055	184
3056	184
3057	184
3058	183
3059	184
3060	184
3061	184
3062	184
3063	184
3064	183
3065	183
3066	183
3067	183
3068	183
3069	183
3070	183
3071	183
3072	183
3073	183
3074	183
3075	183
3076	183
3077	183
3078	183
3079	183
3080	183
3081	182
3082	183
3083	182
3084	182
3085	182
3086	182
3087	183
3088	182
3089	182
3090	182
3091	182
3092	182
3093	182
3094	182
3095	182
3096	182
3097	182
3098	182
3099	182
3100	182
3101	183
3102	182
3103	182
3104	182
3105	182
3106	182
3107	182
3108	182
3109	182
3110	181
3111	181
3112	182
3113	182
3114	182
3115	181
3116	181
3117	181
3118	181
3119	181
3120	181
3121	181
3122	181
3123	181
3124	181
3125	181
3126	181
3127	181
3128	181
3129	181
3130	181
3131	181
3132	181
3133	181
3134	181
3135	181
3136	181
3137	181
3138	181
3139	181
3140	181
3141	181
3142	181
3143	181
3144	181
3145	181
3146	181
3147	180
3148	180
3149	180
3150	181
3151	180
3152	180
3153	180
3154	181
3155	180
3156	180
3157	180
3158	180
3159	180
3160	180
3161	180
3162	180
3163	180
3164	180
3165	180
3166	180
3167	180
3168	181
3169	180
3170	180
3171	180
3172	180
3173	180
3174	180
3175	180
3176	180
3177	180
3178	180
3179	179
3180	180
3181	180
3182	180
3183	182
3184	182
3185	182
3186	181
3187	181
3188	181
3189	180
3190	180
3191	181
3192	180
3193	180
3194	180
3195	180
3196	180
3197	180
3198	180
3199	180
3200	180
3201	180
3202	180
3203	179
3204	179
3205	179
3206	179
3207	179
3208	179
3209	179
3210	179
3211	179
3212	179
3213	178
3214	179
3215	179
3216	179
3217	179
3218	179
3219	179
3220	178
3221	179
3222	179
3223	178
3224	178
3225	178
3226	178
3227	178
3228	178
3229	178
3230	179
3231	178
3232	178
3233	178
3234	178
3235	178
3236	178
3237	178
3238	178
3239	178
3240	178
3241	178
3242	178
3243	178
3244	178
3245	178
3246	178
3247	178
3248	177
3249	178
3250	177
3251	178
3252	178
3253	177
3254	177
3255	177
3256	177
3257	177
3258	177
3259	178
3260	177
3261	177
3262	177
3263	177
3264	177
3265	177
3266	177
3267	177
3268	177
3269	177
3270	177
3271	177
3272	177
3273	177
3274	177
3275	177
3276	177
3277	177
3278	177
3279	177
3280	177
3281	177
3282	177
3283	177
3284	177
3285	177
3286	177
3287	177
3288	176
3289	177
3290	177
3291	176
3292	177
3293	177
3294	176
3295	176
3296	176
3297	176
3298	176
3299	176
3300	176
3301	176
3302	176
3303	176
3304	176
3305	176
3306	176
3307	176
3308	176
3309	176
3310	176
3311	176
3312	176
3313	176
3314	176
3315	176
3316	176
3317	175
3318	176
3319	176
3320	176
3321	175
3322	176
3323	176
3324	176
3325	176
3326	176
3327	176
3328	175
3329	175
3330	175
3331	175
3332	175
3333	175
3334	175
3335	175
3336	175
3337	175
3338	175
3339	175
3340	175
3341	175
3342	175
3343	175
3344	175
3345	175
3346	175
3347	175
3348	175
3349	175
3350	175
3351	175
3352	175
3353	175
3354	175
3355	175
3356	175
3357	175
3358	175
3359	175
3360	175
3361	175
3362	175
3363	175
3364	175
3365	174
3366	175
3367	174
3368	174
3369	175
3370	174
3371	174
3372	174
3373	174
3374	175
3375	174
3376	174
3377	174
3378	174
3379	174
3380	174
3381	174
3382	174
3383	174
3384	174
3385	174
3386	174
3387	174
3388	174
3389	174
3390	174
3391	174
3392	174
3393	174
3394	174
3395	174
3396	174
3397	174
3398	174
3399	174
3400	174
3401	174
3402	173
3403	173
3404	173
3405	174
3406	173
3407	173
3408	173
3409	173
3410	173
3411	173
3412	173
3413	173
3414	173
3415	173
3416	173
3417	173
3418	173
3419	173
3420	173
3421	173
3422	173
3423	173
3424	173
3425	173
3426	173
3427	173
3428	173
3429	173
3430	173
3431	173
3432	173
3433	173
3434	173
3435	173
3436	173
3437	173
3438	173
3439	173
3440	173
3441	173
3442	173
3443	172
3444	173
3445	172
3446	172
3447	173
3448	172
3449	173
3450	172
3451	172
3452	173
3453	172
3454	172
3455	172
3456	172
3457	172
3458	172
3459	172
3460	172
3461	172
3462	172
3463	172
3464	172
3465	172
3466	172
3467	172
3468	172
3469	172
3470	172
3471	172
3472	172
3473	172
3474	172
3475	172
3476	172
3477	171
3478	172
3479	171
3480	171
3481	172
3482	171
3483	172
3484	171
3485	172
3486	171
3487	172
3488	171
3489	171
3490	171
3491	171
3492	171
3493	171
3494	171
3495	171
3496	171
3497	171
3498	171
3499	171
3500	171
3501	171
3502	171
3503	171
3504	171
3505	171
3506	171
3507	171
3508	171
3509	171
3510	171
3511	171
3512	171
3513	171
3514	170
3515	171
3516	171
3517	170
3518	171
3519	170
3520	171
3521	171
3522	170
3523	170
3524	170
3525	170
3526	170
3527	170
3528	170
3529	170
3530	170
3531	171
3532	170
3533	170
3534	170
3535	170
3536	170
3537	170
3538	170
3539	170
3540	170
3541	170
3542	170
3543	170
3544	170
3545	170
3546	170
3547	170
3548	170
3549	170
3550	170
3551	170
3552	170
3553	170
3554	170
3555	169
3556	170
3557	170
3558	170
3559	169
3560	170
3561	170
3562	170
3563	169
3564	170
3565	169
3566	170
3567	169
3568	169
3569	169
3570	170
3571	169
3572	169
3573	169
3574	169
3575	169
3576	169
3577	169
3578	169
3579	169
3580	169
3581	169
3582	169
3583	169
3584	169
3585	169
3586	169
3587	169
3588	169
3589	169
3590	169
3591	169
3592	169
3593	169
3594	168
3595	169
3596	169
3597	169
3598	168
3599	168
3600	168
3601	168
3602	168
3603	168
3604	168
3605	168
3606	168
3607	168
3608	168
3609	168
3610	168
3611	168
3612	168
3613	168
3614	168
3615	168
3616	168
3617	168
3618	168
3619	168
3620	168
3621	168
3622	168
3623	168
3624	168
3625	168
3626	168
3627	168
3628	168
3629	168
3630	168
3631	168
3632	168
3633	167
3634	168
3635	167
3636	167
3637	167
3638	167
3639	167
3640	167
3641	167
3642	167
3643	167
3644	167
3645	167
3646	167
3647	167
3648	167
3649	167
3650	167
3651	167
3652	167
3653	167
3654	167
3655	167
3656	167
3657	167
3658	167
3659	167
3660	167
3661	167
3662	167
3663	167
3664	167
3665	167
3666	167
3667	167
3668	166
3669	167
3670	166
3671	167
3672	166
3673	166
3674	166
3675	166
3676	166
3677	166
3678	166
3679	166
3680	166
3681	166
3682	166
3683	166
3684	166
3685	166
3686	166
3687	166
3688	166
3689	166
3690	166
3691	166
3692	166
3693	166
3694	166
3695	166
3696	166
3697	166
3698	166
3699	166
3700	166
3701	166
3702	166
3703	166
3704	166
3705	166
3706	166
3707	166
3708	166
3709	166
3710	165
3711	166
3712	165
3713	165
3714	165
3715	165
3716	166
3717	165
3718	165
3719	165
3720	165
3721	165
3722	165
3723	165
3724	165
3725	165
3726	165
3727	165
3728	165
3729	165
3730	165
3731	165
3732	165
3733	165
3734	165
3735	165
3736	165
3737	165
3738	165
3739	164
3740	165
3741	165
3742	164
3743	165
3744	165
3745	164
3746	165
3747	164
3748	164
3749	165
3750	164
3751	164
3752	164
3753	164
3754	164
3755	164
3756	164
3757	164
3758	164
3759	164
3760	164
3761	164
3762	164
3763	164
3764	164
3765	164
3766	164
3767	164
3768	164
3769	164
3770	164
3771	164
3772	164
3773	164
3774	164
3775	164
3776	164
3777	164
3778	164
3779	164
3780	164
3781	164
3782	164
3783	164
3784	164
3785	164
3786	163
3787	164
3788	163
3789	163
3790	164
3791	163
3792	163
3793	163
3794	164
3795	163
3796	164
3797	163
3798	163
3799	163
3800	163
3801	163
3802	163
3803	163
3804	163
3805	163
3806	163
3807	163
3808	163
3809	163
3810	163
3811	163
3812	163
3813	163
3814	163
3815	162
3816	163
3817	163
3818	162
3819	163
3820	162
3821	162
3822	162
3823	162
3824	162
3825	162
3826	162
3827	162
3828	162
3829	162
3830	162
3831	162
3832	162
3833	162
3834	162
3835	162
3836	162
3837	162
3838	162
3839	162
3840	162
3841	162
3842	162
3843	162
3844	162
3845	162
3846	162
3847	162
3848	162
3849	162
3850	162
3851	162
3852	162
3853	162
3854	162
3855	162
3856	162
3857	161
3858	161
3859	162
3860	161
3861	162
3862	161
3863	162
3864	161
3865	161
3866	161
3867	161
3868	161
3869	161
3870	161
3871	161
3872	161
3873	161
3874	161
3875	161
3876	161
3877	161
3878	161
3879	161
3880	161
3881	161
3882	161
3883	161
3884	161
3885	161
3886	161
3887	161
3888	161
3889	160
3890	160
3891	160
3892	161
3893	160
3894	160
3895	160
3896	160
3897	160
3898	160
3899	160
3900	160
3901	160
3902	160
3903	160
3904	160
3905	160
3906	160
3907	160
3908	160
3909	160
3910	160
3911	160
3912	160
3913	160
3914	160
3915	160
3916	160
3917	160
3918	160
3919	160
3920	160
3921	160
3922	160
3923	159
3924	160
3925	160
3926	159
3927	159
3928	160
3929	159
3930	159
3931	159
3932	159
3933	159
3934	159
3935	159
3936	159
3937	159
3938	159
3939	159
3940	159
3941	159
3942	159
3943	159
3944	159
3945	159
3946	159
3947	159
3948	159
3949	159
3950	159
3951	159
3952	159
3953	159
3954	158
3955	159
3956	159
3957	159
3958	159
3959	159
3960	159
3961	159
3962	159
3963	159
3964	159
3965	159
3966	159
3967	158
3968	158
3969	159
3970	159
3971	158
3972	158
3973	158
3974	158
3975	159
3976	158
3977	158
3978	158
3979	158
3980	158
3981	158
3982	158
3983	158
3984	158
3985	158
3986	158
3987	158
3988	158
3989	158
3990	157
3991	158
3992	157
3993	157
3994	157
3995	158
3996	158
3997	157
3998	157
3999	157
4000	157
4001	157
4002	157
4003	157
4004	157
4005	157
4006	157
4007	157
4008	157
4009	157
4010	157
4011	157
4012	157
4013	157
4014	157
4015	157
4016	157
4017	157
4018	157
4019	157
4020	157
4021	157
4022	157
4023	157
4024	157
4025	157
4026	156
4027	156
4028	156
4029	156
4030	156
4031	156
4032	156
4033	156
4034	156
4035	156
4036	156
4037	156
4038	156
4039	156
4040	156
4041	156
4042	156
4043	156
4044	156
4045	156
4046	156
4047	156
4048	156
4049	156
4050	156
4051	156
4052	156
4053	156
4054	156
4055	155
4056	155
4057	155
4058	155
4059	155
4060	155
4061	155
4062	155
4063	155
4064	155
4065	155
4066	155
4067	155
4068	155
4069	155
4070	155
4071	155
4072	155
4073	155
4074	155
4075	155
4076	155
4077	155
4078	155
4079	155
4080	155
4081	155
4082	155
4083	155
4084	155
4085	155
4086	155
4087	155
4088	154
4089	154
4090	154
4091	154
4092	154
4093	154
4094	154
4095	154
4096	154
4097	154
4098	154
4099	154
4100	154
4101	154
4102	154
4103	154
4104	154
4105	154
4106	154
4107	154
4108	154
4109	154
4110	154
4111	154
4112	153
4113	153
4114	153
4115	153
4116	153
4117	153
4118	153
4119	153
4120	153
4121	153
4122	153
4123	153
4124	153
4125	153
4126	153
4127	153
4128	153
4129	153
4130	153
4131	153
4132	153
4133	153
4134	153
4135	153
4136	153
4137	153
4138	153
4139	153
4140	153
4141	153
4142	153
4143	152
4144	153
4145	153
4146	152
4147	153
4148	152
4149	152
4150	152
4151	152
4152	152
4153	152
4154	152
4155	152
4156	152
4157	152
4158	152
4159	152
4160	152
4161	152
4162	152
4163	152
4164	152
4165	152
4166	152
4167	152
4168	151
4169	151
4170	151
4171	151
4172	151
4173	151
4174	151
4175	151
4176	151
4177	151
4178	151
4179	151
4180	151
4181	151
4182	151
4183	151
4184	151
4185	151
4186	151
4187	151
4188	151
4189	151
4190	151
4191	151
4192	151
4193	151
4194	151
4195	151
4196	151
4197	150
4198	151
4199	151
4200	151
4201	151
4202	150
4203	150
4204	150
4205	150
4206	150
4207	150
4208	150
4209	150
4210	150
4211	150
4212	150
4213	150
4214	150
4215	150
4216	150
4217	150
4218	150
4219	150
4220	150
4221	150
4222	150
4223	149
4224	149
4225	149
4226	150
4227	149
4228	149
4229	149
4230	149
4231	149
4232	149
4233	149
4234	149
4235	149
4236	149
4237	149
4238	149
4239	149
4240	149
4241	149
4242	149
4243	149
4244	149
4245	148
4246	148
4247	148
4248	148
4249	149
4250	148
4251	148
4252	148
4253	148
4254	148
4255	148
4256	148
4257	148
4258	148
4259	148
4260	148
4261	148
4262	148
4263	148
4264	148
4265	148
4266	148
4267	147
4268	147
4269	147
4270	147
4271	147
4272	147
4273	147
4274	147
4275	147
4276	147
4277	147
4278	147
4279	147
4280	147
4281	147
4282	146
4283	146
4284	147
4285	146
4286	146
4287	146
4288	146
4289	146
4290	146
4291	146
4292	146
4293	146
4294	146
4295	146
4296	146
4297	146
4298	146
4299	146
4300	146
4301	146
4302	146
4303	146
4304	146
4305	146
4306	146
4307	145
4308	145
4309	145
4310	145
4311	145
4312	145
4313	145
4314	145
4315	145
4316	145
4317	145
4318	145
4319	145
4320	145
4321	145
4322	145
4323	145
4324	145
4325	144
4326	145
4327	144
4328	145
4329	145
4330	144
4331	144
4332	144
4333	144
4334	145
4335	144
4336	144
4337	144
4338	144
4339	144
4340	144
4341	144
4342	144
4343	144
4344	144
4345	144
4346	144
4347	144
4348	144
4349	144
4350	144
4351	144
4352	144
4353	144
4354	144
4355	144
4356	144
4357	144
4358	144
4359	144
4360	143
4361	143
4362	143
4363	143
4364	143
4365	143
4366	143
4367	143
4368	143
4369	143
4370	143
4371	143
4372	143
4373	143
4374	143
4375	143
4376	143
4377	143
4378	143
4379	143
4380	143
4381	143
4382	143
4383	143
4384	142
4385	142
4386	142
4387	142
4388	142
4389	142
4390	142
4391	142
4392	142
4393	142
4394	142
4395	142
4396	142
4397	142
4398	142
4399	142
4400	142
4401	142
4402	142
4403	142
4404	142
4405	142
4406	142
4407	142
4408	142
4409	142
4410	142
4411	142
4412	142
4413	142
4414	142
4415	142
4416	142
4417	142
4418	142
4419	142
4420	142
4421	142
4422	142
4423	142
4424	141
4425	142
4426	141
4427	141
4428	141
4429	141
4430	141
4431	141
4432	141
4433	141
4434	141
4435	141
4436	141
4437	141
4438	141
4439	141
4440	141
4441	141
4442	141
4443	140
4444	140
4445	140
4446	140
4447	140
4448	140
4449	140
4450	140
4451	140
4452	140
4453	140
4454	140
4455	140
4456	140
4457	140
4458	140
4459	140
4460	140
4461	140
4462	140
4463	140
4464	140
4465	140
4466	140
4467	140
4468	140
4469	140
4470	139
4471	139
4472	139
4473	140
4474	139
4475	139
4476	139
4477	139
4478	139
4479	139
4480	139
4481	139
4482	139
4483	139
4484	139
4485	139
4486	139
4487	139
4488	139
4489	139
4490	139
4491	139
4492	139
4493	139
4494	139
4495	139
4496	139
4497	139
4498	139
4499	139
4500	138
4501	138
4502	138
4503	138
4504	138
4505	138
4506	138
4507	138
4508	138
4509	138
4510	138
4511	138
4512	138
4513	138
4514	138
4515	137
4516	137
4517	137
4518	137
4519	137
4520	137
4521	137
4522	137
4523	137
4524	137
4525	137
4526	137
4527	137
4528	137
4529	137
4530	137
4531	137
4532	137
4533	137
4534	137
4535	137
4536	137
4537	137
4538	137
4539	137
4540	137
4541	137
4542	137
4543	136
4544	137
4545	137
4546	136
4547	136
4548	136
4549	136
4550	136
4551	136
4552	136
4553	136
4554	136
4555	136
4556	136
4557	136
4558	136
4559	136
4560	135
4561	135
4562	135
4563	136
4564	135
4565	135
4566	135
4567	135
4568	136
4569	135
4570	135
4571	135
4572	135
4573	135
4574	135
4575	135
4576	135
4577	135
4578	135
4579	135
4580	135
4581	135
4582	135
4583	135
4584	135
4585	135
4586	135
4587	135
4588	135
4589	135
4590	135
4591	135
4592	135
4593	135
4594	135
4595	134
4596	134
4597	134
4598	134
4599	134
4600	134
4601	134
4602	134
4603	135
4604	134
4605	134
4606	134
4607	134
4608	134
4609	134
4610	134
4611	134
4612	134
4613	134
4614	134
4615	134
4616	133
4617	133
4618	133
4619	133
4620	133
4621	133
4622	133
4623	133
4624	133
4625	133
4626	133
4627	133
4628	133
4629	133
4630	133
4631	133
4632	133
4633	133
4634	133
4635	133
4636	133
4637	133
4638	133
4639	133
4640	133
4641	133
4642	133
4643	133
4644	133
4645	133
4646	133
4647	133
4648	133
4649	133
4650	133
4651	132
4652	132
4653	133
4654	133
4655	132
4656	132
4657	132
4658	132
4659	132
4660	132
4661	132
4662	132
4663	132
4664	132
4665	132
4666	132
4667	132
4668	132
4669	132
4670	132
4671	132
4672	132
4673	132
4674	131
4675	131
4676	132
4677	131
4678	131
4679	131
4680	131
4681	132
4682	131
4683	131
4684	131
4685	131
4686	131
4687	131
4688	131
4689	131
4690	131
4691	131
4692	131
4693	131
4694	131
4695	131
4696	131
4697	131
4698	131
4699	131
4700	131
4701	131
4702	131
4703	131
4704	131
4705	131
4706	131
4707	131
4708	130
4709	130
4710	130
4711	130
4712	130
4713	130
4714	130
4715	130
4716	130
4717	130
4718	130
4719	130
4720	130
4721	130
4722	130
4723	130
4724	130
4725	130
4726	130
4727	130
4728	130
4729	130
4730	130
4731	129
4732	129
4733	129
4734	129
4735	129
4736	129
4737	129
4738	129
4739	129
4740	129
4741	129
4742	129
4743	129
4744	129
4745	129
4746	129
4747	129
4748	129
4749	129
4750	129
4751	129
4752	129
4753	129
4754	129
4755	128
4756	128
4757	128
4758	128
4759	128
4760	128
4761	128
4762	128
4763	128
4764	128
4765	128
4766	128
4767	128
4768	128
4769	128
4770	128
4771	128
4772	128
4773	128
4774	128
4775	128
4776	128
4777	127
4778	127
4779	127
4780	127
4781	127
4782	127
4783	127
4784	127
4785	127
4786	127
4787	127
4788	127
4789	127
4790	127
4791	127
4792	127
4793	127
4794	127
4795	127
4796	126
4797	126
4798	126
4799	126
4800	126
4801	126
4802	126
4803	126
4804	127
4805	126
4806	126
4807	126
4808	126
4809	126
4810	126
4811	126
4812	126
4813	126
4814	126
4815	126
4816	126
4817	126
4818	126
4819	126
4820	126
4821	126
4822	126
4823	126
4824	126
4825	126
4826	126
4827	126
4828	126
4829	126
4830	126
4831	126
4832	126
4833	126
4834	125
4835	126
4836	126
4837	126
4838	126
4839	125
4840	125
4841	125
4842	125
4843	125
4844	126
4845	125
4846	125
4847	125
4848	125
4849	125
4850	125
4851	125
4852	125
4853	125
4854	125
4855	125
4856	125
4857	125
4858	125
4859	125
4860	125
4861	125
4862	125
4863	125
4864	125
4865	125
4866	124
4867	124
4868	125
4869	125
4870	125
4871	124
4872	125
4873	125
4874	125
4875	125
4876	124
4877	125
4878	125
4879	125
4880	125
4881	125
4882	125
4883	125
4884	125
4885	125
4886	125
4887	125
4888	125
4889	125
4890	125
4891	125
4892	125
4893	125
4894	125
4895	125
4896	125
4897	125
4898	124
4899	124
4900	124
4901	125
4902	125
4903	125
4904	124
4905	124
4906	124
4907	124
4908	124
4909	124
4910	124
4911	124
4912	124
4913	124
4914	124
4915	124
4916	124
4917	124
4918	124
4919	124
4920	124
4921	124
4922	124
4923	124
4924	124
4925	124
4926	124
4927	124
4928	124
4929	124
4930	124
4931	124
4932	124
4933	124
4934	124
4935	124
4936	124
4937	124
4938	124
4939	124
4940	124
4941	123
4942	123
4943	123
4944	123
4945	123
4946	123
4947	123
4948	123
4949	123
4950	123
4951	123
4952	123
4953	123
4954	123
4955	123
4956	123
4957	123
4958	123
4959	122
4960	122
4961	122
4962	122
4963	122
4964	122
4965	122
4966	122
4967	122
4968	122
4969	122
4970	122
4971	122
4972	122
4973	122
4974	122
4975	122
4976	121
4977	121
4978	121
4979	121
4980	121
4981	121
4982	121
4983	121
4984	121
4985	121
4986	121
4987	121
4988	120
4989	120
4990	120
4991	120
4992	121
4993	120
4994	120
4995	121
4996	120
4997	120
4998	120
4999	120
5000	120
5001	120
5002	120
5003	120
5004	120
5005	120
5006	120
5007	120
5008	120
5009	120
5010	120
5011	120
5012	120
5013	120
5014	120
5015	120
5016	120
5017	120
5018	120
5019	120
5020	120
5021	120
5022	120
5023	120
5024	120
5025	120
5026	119
5027	119
5028	119
5029	119
5030	119
5031	119
5032	119
5033	119
5034	119
5035	119
5036	119
5037	119
5038	119
5039	119
5040	119
5041	119
5042	119
5043	119
5044	119
5045	119
5046	119
5047	119
5048	119
5049	119
5050	118
5051	118
5052	118
5053	118
5054	118
5055	118
5056	118
5057	119
5058	118
5059	118
5060	118
5061	118
5062	118
5063	118
5064	118
5065	118
5066	118
5067	118
5068	118
5069	118
5070	118
5071	118
5072	118
5073	117
5074	118
5075	117
5076	118
5077	118
5078	118
5079	117
5080	117
5081	117
5082	117
5083	117
5084	117
5085	117
5086	117
5087	117
5088	118
5089	117
5090	117
5091	117
5092	117
5093	117
5094	117
5095	117
5096	117
5097	117
5098	117
5099	117
5100	117
5101	117
5102	117
5103	117
5104	117
5105	117
5106	117
5107	117
5108	117
5109	117
5110	117
5111	117
5112	116
5113	116
5114	116
5115	116
5116	116
5117	116
5118	116
5119	116
5120	116
5121	116
5122	116
5123	116
5124	116
5125	116
5126	116
5127	116
5128	116
5129	116
5130	116
5131	116
5132	116
5133	116
5134	116
5135	116
5136	116
5137	116
5138	116
5139	116
5140	116
5141	116
5142	115
5143	115
5144	115
5145	115
5146	115
5147	115
5148	115
5149	115
5150	115
5151	115
5152	115
5153	115
5154	115
5155	115
5156	115
5157	115
5158	115
5159	115
5160	115
5161	115
5162	115
5163	115
5164	115
5165	115
5166	115
5167	115
5168	115
5169	115
5170	114
5171	114
5172	114
5173	114
5174	115
5175	114
5176	115
5177	114
5178	114
5179	114
5180	115
5181	114
5182	114
5183	114
5184	114
5185	114
5186	114
5187	114
5188	114
5189	114
5190	114
5191	114
5192	114
5193	113
5194	114
5195	113
5196	114
5197	113
5198	113
5199	113
5200	113
5201	113
5202	113
5203	113
5204	113
5205	113
5206	113
5207	113
5208	113
5209	113
5210	113
5211	113
5212	113
5213	113
5214	112
5215	113
5216	112
5217	112
5218	113
5219	113
5220	112
5221	112
5222	112
5223	112
5224	112
5225	112
5226	112
5227	112
5228	112
5229	112
5230	111
5231	111
5232	111
5233	111
5234	111
5235	111
5236	111
5237	111
5238	111
5239	111
5240	111
5241	111
5242	111
5243	111
5244	111
5245	111
5246	111
5247	111
5248	111
5249	111
5250	111
5251	111
5252	111
5253	111
5254	111
5255	111
5256	111
5257	111
5258	111
5259	111
5260	111
5261	111
5262	111
5263	111
5264	111
5265	111
5266	111
5267	110
5268	111
5269	111
5270	111
5271	111
5272	111
5273	111
5274	110
5275	111
5276	111
5277	111
5278	111
5279	110
5280	111
5281	111
5282	111
5283	111
5284	111
5285	111
5286	111
5287	111
5288	111
5289	111
5290	111
5291	111
5292	110
5293	111
5294	111
5295	111
5296	111
5297	110
5298	111
5299	111
5300	110
5301	110
5302	110
5303	110
5304	110
5305	110
5306	110
5307	110
5308	110
5309	110
5310	110
5311	110
5312	110
5313	110
5314	110
5315	110
5316	110
5317	110
5318	110
5319	110
5320	110
5321	109
5322	110
5323	109
5324	109
5325	109
5326	109
5327	109
5328	109
5329	109
5330	109
5331	109
5332	109
5333	109
5334	109
5335	109
5336	109
5337	109
5338	109
5339	109
5340	109
5341	109
5342	108
5343	108
5344	108
5345	108
5346	108
5347	108
5348	108
5349	108
5350	108
5351	108
5352	108
5353	108
5354	108
5355	108
5356	108
5357	107
5358	108
5359	107
5360	107
5361	108
5362	107
5363	107
5364	107
5365	107
5366	107
5367	107
5368	107
5369	107
5370	107
5371	107
5372	107
5373	107
5374	107
5375	107
5376	107
5377	107
5378	107
5379	107
5380	107
5381	106
5382	106
5383	107
5384	106
5385	106
5386	106
5387	106
5388	106
5389	106
5390	106
5391	106
5392	106
5393	106
5394	106
5395	106
5396	106
5397	106
5398	106
5399	106
5400	106
5401	106
5402	106
5403	106
5404	106
5405	106
5406	106
5407	106
5408	106
5409	106
5410	106
5411	106
5412	106
5413	106
5414	106
5415	106
5416	106
5417	106
5418	106
5419	106
5420	106
5421	106
5422	105
5423	106
5424	106
5425	105
5426	106
5427	105
5428	105
5429	106
5430	105
5431	105
5432	105
5433	105
5434	105
5435	105
5436	105
5437	105
5438	105
5439	105
5440	105
5441	105
5442	105
5443	105
5444	105
5445	105
5446	105
5447	105
5448	105
5449	105
5450	105
5451	105
5452	104
5453	104
5454	104
5455	105
5456	104
5457	104
5458	105
5459	104
5460	104
5461	104
5462	104
5463	104
5464	104
5465	104
5466	104
5467	104
5468	104
5469	104
5470	104
5471	104
5472	104
5473	104
5474	104
5475	103
5476	104
5477	103
5478	103
5479	103
5480	103
5481	103
5482	103
5483	103
5484	103
5485	103
5486	103
5487	103
5488	103
5489	103
5490	103
5491	103
5492	103
5493	103
5494	102
5495	103
5496	102
5497	103
5498	102
5499	103
5500	102
5501	102
5502	102
5503	102
5504	102
5505	102
5506	102
5507	102
5508	102
5509	102
5510	102
5511	102
5512	102
5513	102
5514	102
5515	102
5516	102
5517	102
5518	102
5519	102
5520	102
5521	102
5522	102
5523	102
5524	102
5525	102
5526	102
5527	102
5528	102
5529	102
5530	102
5531	102
5532	102
5533	102
5534	102
5535	102
5536	102
5537	102
5538	102
5539	102
5540	102
5541	102
5542	102
5543	102
5544	102
5545	102
5546	102
5547	102
5548	102
5549	102
5550	102
5551	101
5552	102
5553	101
5554	102
5555	101
5556	101
5557	101
5558	101
5559	101
5560	101
5561	101
5562	101
5563	101
5564	101
5565	101
5566	101
5567	101
5568	101
5569	101
5570	101
5571	101
5572	101
5573	101
5574	101
5575	101
5576	101
5577	101
5578	101
5579	100
5580	101
5581	101
5582	101
5583	100
5584	100
5585	100
5586	101
5587	100
5588	100
5589	100
5590	100
5591	100
5592	100
5593	100
5594	100
5595	100
5596	100
5597	100
5598	100
5599	100
5600	100
5601	100
5602	100
5603	100
5604	100
5605	100
5606	100
5607	100
5608	100
5609	100
5610	100
5611	100
5612	100
5613	100
5614	99
5615	99
5616	100
5617	100
5618	100
5619	100
5620	100
5621	99
5622	99
5623	99
5624	99
5625	99
5626	99
5627	99
5628	99
5629	99
5630	99
5631	99
5632	99
5633	99
5634	99
5635	98
5636	98
5637	98
5638	98
5639	98
5640	98
5641	98
5642	98
5643	98
5644	98
5645	98
5646	98
5647	98
5648	98
5649	98
5650	98
5651	98
5652	98
5653	98
5654	98
5655	98
5656	98
5657	98
5658	98
5659	98
5660	98
5661	98
5662	98
5663	98
5664	98
5665	98
5666	98
5667	98
5668	98
5669	98
5670	98
5671	98
5672	98
5673	98
5674	98
5675	97
5676	98
5677	98
5678	98
5679	97
5680	97
5681	97
5682	97
5683	97
5684	97
5685	97
5686	97
5687	97
5688	97
5689	97
5690	97
5691	97
5692	97
5693	97
5694	97
5695	97
5696	97
5697	97
5698	97
5699	97
5700	97
5701	97
5702	97
5703	97
5704	97
5705	97
5706	97
5707	97
5708	97
5709	97
5710	97
5711	97
5712	97
5713	97
5714	96
5715	97
5716	96
5717	97
5718	96
5719	97
5720	96
5721	96
5722	96
5723	97
5724	96
5725	96
5726	96
5727	96
5728	96
5729	96
5730	96
5731	96
5732	96
5733	96
5734	96
5735	96
5736	96
5737	96
5738	96
5739	96
5740	96
5741	96
5742	96
5743	96
5744	96
5745	96
5746	96
5747	96
5748	96
5749	95
5750	96
5751	96
5752	95
5753	95
5754	95
5755	95
5756	95
5757	95
5758	95
5759	95
5760	95
5761	95
5762	95
5763	95
5764	95
5765	95
5766	95
5767	95
5768	95
5769	95
5770	95
5771	95
5772	95
5773	95
5774	95
5775	94
5776	95
5777	94
5778	95
5779	94
5780	94
5781	94
5782	94
5783	94
5784	94
5785	94
5786	94
5787	94
5788	94
5789	94
5790	94
5791	94
5792	94
5793	94
5794	94
5795	94
5796	94
5797	94
5798	94
5799	94
5800	93
5801	94
5802	94
5803	94
5804	93
5805	93
5806	93
5807	93
5808	93
5809	93
5810	93
5811	93
5812	93
5813	93
5814	93
5815	93
5816	93
5817	93
5818	93
5819	93
5820	93
5821	93
5822	93
5823	93
5824	93
5825	93
5826	93
5827	93
5828	93
5829	93
5830	93
5831	93
5832	93
5833	93
5834	93
5835	93
5836	93
5837	93
5838	93
5839	93
5840	93
5841	93
5842	93
5843	93
5844	93
5845	93
5846	93
5847	93
5848	93
5849	93
5850	93
5851	93
5852	93
5853	93
5854	93
5855	92
5856	93
5857	92
5858	93
5859	93
5860	93
5861	93
5862	92
5863	92
5864	92
5865	92
5866	92
5867	92
5868	92
5869	92
5870	92
5871	92
5872	92
5873	92
5874	92
5875	92
5876	92
5877	92
5878	92
5879	92
5880	92
5881	92
5882	92
5883	92
5884	92
5885	91
5886	91
5887	91
5888	91
5889	91
5890	91
5891	91
5892	91
5893	91
5894	91
5895	91
5896	91
5897	91
5898	91
5899	91
5900	91
5901	91
5902	91
5903	91
5904	91
5905	91
5906	91
5907	91
5908	91
5909	91
5910	90
5911	91
5912	91
5913	90
5914	90
5915	90
5916	90
5917	90
5918	90
5919	90
5920	90
5921	90
5922	90
5923	90
5924	90
5925	90
5926	90
5927	89
5928	90
5929	90
5930	89
5931	89
5932	89
5933	89
5934	89
5935	89
5936	89
5937	89
5938	89
5939	89
5940	89
5941	89
5942	89
5943	89
5944	89
5945	89
5946	89
5947	89
5948	89
5949	89
5950	89
5951	89
5952	89
5953	88
5954	89
5955	88
5956	89
5957	88
5958	88
5959	88
5960	88
5961	88
5962	88
5963	88
5964	88
5965	88
5966	88
5967	88
5968	88
5969	88
5970	87
5971	87
5972	87
5973	87
5974	87
5975	87
5976	87
5977	87
5978	87
5979	87
5980	87
5981	87
5982	87
5983	87
5984	87
5985	87
5986	87
5987	87
5988	87
5989	87
5990	87
5991	87
5992	86
5993	87
5994	86
5995	86
5996	86
5997	86
5998	86
5999	86
6000	86
6001	86
6002	86
6003	86
6004	86
6005	86
6006	86
6007	86
6008	86
6009	86
6010	85
6011	85
6012	85
6013	85
6014	85
6015	85
6016	85
6017	85
6018	85
6019	85
6020	85
6021	85
6022	85
6023	85
6024	85
6025	85
6026	85
6027	85
6028	85
6029	85
6030	84
6031	84
6032	85
6033	84
6034	84
6035	84
6036	84
6037	84
6038	84
6039	84
6040	85
6041	84
6042	84
6043	84
6044	84
6045	84
6046	84
6047	84
6048	84
6049	84
6050	84
6051	84
6052	84
6053	84
6054	84
6055	84
6056	84
6057	84
6058	84
6059	84
6060	84
6061	84
6062	84
6063	84
6064	84
6065	84
6066	84
6067	84
6068	84
6069	84
6070	84
6071	84
6072	84
6073	84
6074	84
6075	84
6076	84
6077	84
6078	84
6079	84
6080	83
6081	84
6082	83
6083	83
6084	83
6085	83
6086	83
6087	83
6088	83
6089	83
6090	83
6091	83
6092	83
6093	83
6094	83
6095	83
6096	83
6097	83
6098	83
6099	83
6100	83
6101	83
6102	83
6103	83
6104	83
6105	83
6106	83
6107	83
6108	82
6109	82
6110	82
6111	82
6112	82
6113	82
6114	82
6115	82
6116	82
6117	82
6118	82
6119	82
6120	82
6121	82
6122	82
6123	82
6124	82
6125	82
6126	82
6127	82
6128	82
6129	82
6130	82
6131	82
6132	82
6133	82
6134	82
6135	82
6136	81
6137	81
6138	82
6139	81
6140	81
6141	82
6142	81
6143	81
6144	81
6145	81
6146	81
6147	81
6148	81
6149	81
6150	81
6151	81
6152	81
6153	81
6154	81
6155	81
6156	81
6157	81
6158	81
6159	81
6160	81
6161	81
6162	81
6163	81
6164	81
6165	81
6166	81
6167	81
6168	81
6169	81
6170	81
6171	81
6172	81
6173	81
6174	81
6175	81
6176	81
6177	81
6178	81
6179	81
6180	81
6181	81
6182	81
6183	81
6184	80
6185	81
6186	81
6187	81
6188	81
6189	81
6190	80
6191	80
6192	80
6193	80
6194	81
6195	80
6196	80
6197	80
6198	80
6199	80
6200	80
6201	80
6202	80
6203	80
6204	80
6205	80
6206	80
6207	80
6208	80
6209	80
6210	80
6211	80
6212	80
6213	80
6214	80
6215	80
6216	80
6217	80
6218	80
6219	80
6220	80
6221	80
6222	80
6223	80
6224	80
6225	80
6226	80
6227	80
6228	80
6229	80
6230	80
6231	80
6232	79
6233	80
6234	79
6235	79
6236	79
6237	79
6238	79
6239	79
6240	79
6241	79
6242	79
6243	79
6244	80
6245	79
6246	79
6247	79
6248	79
6249	79
6250	79
6251	79
6252	78
6253	79
6254	79
6255	78
6256	79
6257	78
6258	78
6259	78
6260	78
6261	78
6262	78
6263	78
6264	78
6265	78
6266	78
6267	78
6268	78
6269	78
6270	78
6271	78
6272	78
6273	78
6274	78
6275	78
6276	78
6277	78
6278	78
6279	78
6280	78
6281	78
6282	78
6283	78
6284	78
6285	77
6286	78
6287	78
6288	77
6289	77
6290	77
6291	77
6292	77
6293	78
6294	77
6295	77
6296	77
6297	77
6298	77
6299	77
6300	77
6301	77
6302	77
6303	77
6304	77
6305	77
6306	77
6307	77
6308	77
6309	77
6310	77
6311	77
6312	77
6313	76
6314	77
6315	77
6316	76
6317	77
6318	76
6319	76
6320	76
6321	76
6322	77
6323	76
6324	77
6325	76
6326	76
6327	76
6328	76
6329	76
6330	76
6331	76
6332	76
6333	76
6334	76
6335	76
6336	76
6337	76
6338	76
6339	76
6340	76
6341	76
6342	76
6343	76
6344	76
6345	76
6346	76
6347	76
6348	76
6349	76
6350	76
6351	76
6352	76
6353	76
6354	76
6355	76
6356	75
6357	76
6358	75
6359	75
6360	76
6361	75
6362	75
6363	75
6364	75
6365	75
6366	75
6367	75
6368	75
6369	75
6370	75
6371	75
6372	75
6373	75
6374	75
6375	75
6376	75
6377	75
6378	75
6379	75
6380	75
6381	75
6382	75
6383	75
6384	75
6385	75
6386	75
6387	75
6388	75
6389	75
6390	75
6391	75
6392	75
6393	75
6394	75
6395	75
6396	74
6397	75
6398	74
6399	74
6400	74
6401	74
6402	74
6403	74
6404	74
6405	74
6406	75
6407	74
6408	74
6409	74
6410	74
6411	74
6412	74
6413	74
6414	74
6415	74
6416	74
6417	74
6418	74
6419	74
6420	74
6421	73
6422	73
6423	73
6424	73
6425	73
6426	73
6427	73
6428	73
6429	73
6430	73
6431	73
6432	73
6433	73
6434	73
6435	73
6436	73
6437	73
6438	73
6439	73
6440	73
6441	73
6442	72
6443	73
6444	73
6445	73
6446	73
6447	73
6448	73
6449	73
6450	72
6451	72
6452	72
6453	72
6454	72
6455	72
6456	72
6457	72
6458	72
6459	72
6460	72
6461	72
6462	72
6463	72
6464	72
6465	72
6466	72
6467	72
6468	72
6469	72
6470	72
6471	72
6472	72
6473	72
6474	72
6475	72
6476	72
6477	72
6478	72
6479	72
6480	72
6481	72
6482	72
6483	72
6484	72
6485	72
6486	72
6487	72
6488	72
6489	72
6490	72
6491	72
6492	72
6493	72
6494	72
6495	72
6496	72
6497	72
6498	72
6499	71
6500	71
6501	71
6502	71
6503	72
6504	71
6505	71
6506	71
6507	71
6508	71
6509	71
6510	71
6511	71
6512	71
6513	71
6514	71
6515	71
6516	71
6517	71
6518	71
6519	71
6520	71
6521	71
6522	71
6523	71
6524	71
6525	71
6526	71
6527	71
6528	71
6529	71
6530	71
6531	71
6532	71
6533	71
6534	71
6535	71
6536	71
6537	70
6538	71
6539	70
6540	70
6541	71
6542	70
6543	70
6544	70
6545	70
6546	70
6547	70
6548	70
6549	71
6550	70
6551	70
6552	70
6553	70
6554	70
6555	70
6556	70
6557	70
6558	70
6559	70
6560	70
6561	70
6562	70
6563	70
6564	70
6565	70
6566	70
6567	70
6568	70
6569	70
6570	70
6571	70
6572	69
6573	69
6574	69
6575	69
6576	69
6577	69
6578	69
6579	69
6580	69
6581	69
6582	69
6583	69
6584	69
6585	69
6586	69
6587	69
6588	69
6589	69
6590	69
6591	69
6592	69
6593	69
6594	69
6595	69
6596	69
6597	69
6598	69
6599	68
6600	69
6601	69
6602	69
6603	69
6604	69
6605	69
6606	69
6607	69
6608	69
6609	68
6610	68
6611	68
6612	68
6613	68
6614	68
6615	68
6616	68
6617	68
6618	68
6619	68
6620	68
6621	68
6622	67
6623	68
6624	68
6625	67
6626	68
6627	67
6628	67
6629	67
6630	67
6631	67
6632	68
6633	67
6634	67
6635	67
6636	67
6637	67
6638	67
6639	67
6640	67
6641	67
6642	67
6643	67
6644	67
6645	67
6646	66
6647	66
6648	67
6649	66
6650	66
6651	67
6652	66
6653	66
6654	66
6655	66
6656	66
6657	66
6658	66
6659	66
6660	66
6661	66
6662	66
6663	66
6664	66
6665	66
6666	66
6667	66
6668	66
6669	66
6670	66
6671	66
6672	65
6673	66
6674	65
6675	65
6676	65
6677	65
6678	65
6679	66
6680	65
6681	65
6682	65
6683	65
6684	66
6685	65
6686	65
6687	65
6688	65
6689	65
6690	65
6691	65
6692	65
6693	65
6694	65
6695	65
6696	65
6697	65
6698	65
6699	65
6700	65
6701	65
6702	65
6703	65
6704	65
6705	65
6706	65
6707	65
6708	65
6709	65
6710	65
6711	65
6712	65
6713	65
6714	65
6715	65
6716	65
6717	65
6718	65
6719	65
6720	65
6721	65
6722	65
6723	65
6724	65
6725	65
6726	65
6727	65
6728	65
6729	65
6730	65
6731	65
6732	65
6733	65
6734	64
6735	65
6736	64
6737	64
6738	65
6739	64
6740	64
6741	64
6742	64
6743	64
6744	64
6745	64
6746	64
6747	64
6748	64
6749	64
6750	64
6751	64
6752	64
6753	64
6754	64
6755	64
6756	64
6757	64
6758	64
6759	64
6760	63
6761	64
6762	63
6763	64
6764	64
6765	63
6766	63
6767	63
6768	64
6769	63
6770	63
6771	63
6772	63
6773	63
6774	63
6775	63
6776	63
6777	63
6778	63
6779	63
6780	63
6781	63
6782	63
6783	63
6784	63
6785	63
6786	63
6787	63
6788	63
6789	63
6790	63
6791	63
6792	63
6793	63
6794	63
6795	63
6796	63
6797	63
6798	63
6799	63
6800	63
6801	63
6802	63
6803	63
6804	63
6805	63
6806	63
6807	63
6808	63
6809	63
6810	63
6811	63
6812	63
6813	63
6814	62
6815	63
6816	62
6817	62
6818	62
6819	62
6820	62
6821	62
6822	63
6823	62
6824	62
6825	62
6826	62
6827	62
6828	62
6829	62
6830	62
6831	62
6832	62
6833	62
6834	62
6835	62
6836	62
6837	62
6838	62
6839	62
6840	62
6841	62
6842	62
6843	62
6844	62
6845	62
6846	62
6847	62
6848	62
6849	62
6850	62
6851	62
6852	62
6853	62
6854	62
6855	62
6856	62
6857	62
6858	62
6859	62
6860	62
6861	62
6862	61
6863	61
6864	62
6865	62
6866	61
6867	62
6868	61
6869	61
6870	61
6871	61
6872	61
6873	61
6874	61
6875	61
6876	61
6877	61
6878	61
6879	61
6880	61
6881	61
6882	61
6883	61
6884	61
6885	61
6886	61
6887	61
6888	61
6889	61
6890	61
6891	61
6892	60
6893	60
6894	61
6895	61
6896	61
6897	61
6898	61
6899	61
6900	61
6901	61
6902	61
6903	60
6904	60
6905	60
6906	60
6907	60
6908	61
6909	61
6910	60
6911	60
6912	60
6913	60
6914	60
6915	60
6916	60
6917	60
6918	60
6919	60
6920	60
6921	60
6922	60
6923	60
6924	60
6925	60
6926	60
6927	60
6928	60
6929	60
6930	60
6931	60
6932	60
6933	60
6934	60
6935	60
6936	60
6937	60
6938	60
6939	60
6940	60
6941	60
6942	60
6943	60
6944	60
6945	60
6946	60
6947	60
6948	60
6949	60
6950	60
6951	60
6952	59
6953	60
6954	59
6955	59
6956	60
6957	59
6958	59
6959	59
6960	59
6961	59
6962	59
6963	59
6964	59
6965	59
6966	59
6967	59
6968	59
6969	59
6970	59
6971	59
6972	59
6973	59
6974	59
6975	59
6976	59
6977	59
6978	59
6979	59
6980	59
6981	59
6982	59
6983	59
6984	58
6985	59
6986	59
6987	59
6988	59
6989	59
6990	59
6991	58
6992	58
6993	58
6994	58
6995	58
6996	58
6997	58
6998	58
6999	58
7000	58
7001	58
7002	58
7003	58
7004	58
7005	58
7006	58
7007	58
7008	58
7009	58
7010	58
7011	58
7012	58
7013	58
7014	58
7015	58
7016	58
7017	58
7018	58
7019	58
7020	58
7021	58
7022	58
7023	58
7024	58
7025	58
7026	58
7027	58
7028	58
7029	58
7030	58
7031	58
7032	58
7033	58
7034	58
7035	58
7036	57
7037	58
7038	57
7039	57
7040	58
7041	57
7042	57
7043	58
7044	58
7045	57
7046	57
7047	58
7048	57
7049	57
7050	57
7051	57
7052	57
7053	57
7054	57
7055	57
7056	57
7057	57
7058	57
7059	57
7060	57
7061	57
7062	57
7063	57
7064	57
7065	57
7066	57
7067	57
7068	57
7069	57
7070	57
7071	57
7072	57
7073	57
7074	57
7075	57
7076	57
7077	57
7078	57
7079	57
7080	57
7081	56
7082	57
7083	57
7084	57
7085	57
7086	57
7087	57
7088	57
7089	57
7090	57
7091	57
7092	57
7093	57
7094	57
7095	57
7096	57
7097	57
7098	57
7099	57
7100	57
7101	57
7102	57
7103	57
7104	57
7105	57
7106	57
7107	57
7108	57
7109	57
7110	57
7111	57
7112	57
7113	57
7114	56
7115	57
7116	57
7117	56
7118	56
7119	56
7120	56
7121	56
7122	56
7123	56
7124	56
7125	56
7126	56
7127	56
7128	56
7129	56
7130	56
7131	56
7132	56
7133	56
7134	56
7135	56
7136	56
7137	56
7138	56
7139	56
7140	56
7141	56
7142	56
7143	56
7144	56
7145	56
7146	56
7147	56
7148	56
7149	56
7150	56
7151	56
7152	56
7153	56
7154	56
7155	56
7156	56
7157	56
7158	56
7159	56
7160	56
7161	56
7162	56
7163	56
7164	56
7165	56
7166	56
7167	56
7168	56
7169	56
7170	55
7171	55
7172	55
7173	55
7174	55
7175	55
7176	55
7177	55
7178	55
7179	55
7180	55
7181	55
7182	55
7183	55
7184	55
7185	55
7186	55
7187	55
7188	55
7189	55
7190	55
7191	55
7192	55
7193	55
7194	55
7195	55
7196	55
7197	55
7198	55
7199	55
7200	55
7201	55
7202	54
7203	55
7204	54
7205	54
7206	54
7207	54
7208	55
7209	54
7210	55
7211	55
7212	54
7213	54
7214	54
7215	54
7216	54
7217	54
7218	54
7219	54
7220	54
7221	54
7222	54
7223	54
7224	54
7225	54
7226	54
7227	54
7228	54
7229	54
7230	54
7231	54
7232	54
7233	54
7234	54
7235	54
7236	54
7237	54
7238	54
7239	54
7240	54
7241	54
7242	54
7243	54
7244	54
7245	54
7246	54
7247	54
7248	54
7249	54
7250	54
7251	54
7252	54
7253	54
7254	54
7255	54
7256	54
7257	54
7258	54
7259	53
7260	54
7261	54
7262	54
7263	54
7264	54
7265	54
7266	54
7267	54
7268	54
7269	54
7270	54
7271	54
7272	53
7273	54
7274	54
7275	53
7276	53
7277	54
7278	54
7279	53
7280	53
7281	54
7282	54
7283	53
7284	53
7285	54
7286	54
7287	53
7288	53
7289	54
7290	54
7291	53
7292	53
7293	53
7294	53
7295	53
7296	53
7297	53
7298	53
7299	53
7300	53
7301	53
7302	53
7303	53
7304	53
7305	53
7306	53
7307	53
7308	53
7309	53
7310	53
7311	53
7312	53
7313	53
7314	53
7315	53
7316	53
7317	53
7318	53
7319	53
7320	53
7321	53
7322	53
7323	53
7324	53
7325	53
7326	53
7327	53
7328	53
7329	53
7330	53
7331	53
7332	53
7333	53
7334	53
7335	53
7336	53
7337	53
7338	53
7339	53
7340	53
7341	53
7342	53
7343	53
7344	53
7345	53
7346	53
7347	52
7348	53
7349	53
7350	53
7351	53
7352	53
7353	52
7354	53
7355	53
7356	53
7357	52
7358	53
7359	53
7360	52
7361	52
7362	53
7363	53
7364	52
7365	52
7366	52
7367	52
7368	52
7369	52
7370	52
7371	52
7372	52
7373	52
7374	52
7375	52
7376	52
7377	52
7378	52
7379	52
7380	52
7381	52
7382	52
7383	52
7384	52
7385	52
7386	52
7387	52
7388	52
7389	52
7390	52
7391	52
7392	52
7393	52
7394	52
7395	52
7396	52
7397	51
7398	52
7399	52
7400	51
7401	51
7402	51
7403	52
7404	51
7405	51
7406	51
7407	51
7408	51
7409	51
7410	51
7411	51
7412	51
7413	51
7414	51
7415	51
7416	51
7417	51
7418	51
7419	51
7420	51
7421	51
7422	51
7423	51
7424	51
7425	51
7426	51
7427	51
7428	51
7429	51
7430	51
7431	51
7432	51
7433	51
7434	51
7435	51
7436	51
7437	51
7438	51
7439	51
7440	51
7441	51
7442	51
7443	51
7444	51
7445	51
7446	51
7447	51
7448	51
7449	51
7450	51
7451	51
7452	51
7453	51
7454	51
7455	51
7456	51
7457	51
7458	51
7459	51
7460	51
7461	51
7462	51
7463	51
7464	51
7465	51
7466	51
7467	51
7468	51
7469	51
7470	51
7471	51
7472	51
7473	51
7474	51
7475	51
7476	51
7477	51
7478	51
7479	51
7480	51
7481	51
7482	51
7483	51
7484	51
7485	51
7486	51
7487	51
7488	51
7489	51
7490	50
7491	50
7492	50
7493	50
7494	50
7495	50
7496	50
7497	50
7498	50
7499	50
7500	50
7501	50
7502	50
7503	50
7504	50
7505	50
7506	50
7507	50
7508	50
7509	50
7510	50
7511	50
7512	50
7513	50
7514	50
7515	50
7516	50
7517	50
7518	50
7519	50
7520	50
7521	50
7522	50
7523	50
7524	49
7525	50
7526	49
7527	50
7528	50
7529	50
7530	50
7531	49
7532	50
7533	49
7534	50
7535	49
7536	49
7537	49
7538	50
7539	49
7540	49
7541	50
7542	49
7543	49
7544	49
7545	49
7546	49
7547	49
7548	49
7549	49
7550	49
7551	49
7552	49
7553	49
7554	49
7555	49
7556	49
7557	49
7558	49
7559	49
7560	49
7561	49
7562	49
7563	49
7564	49
7565	49
7566	49
7567	49
7568	49
7569	49
7570	49
7571	49
7572	49
7573	49
7574	49
7575	49
7576	49
7577	49
7578	49
7579	49
7580	49
7581	49
7582	49
7583	49
7584	49
7585	49
7586	49
7587	49
7588	49
7589	49
7590	50
7591	49
7592	49
7593	49
7594	49
7595	49
7596	49
7597	49
7598	49
7599	49
7600	49
7601	49
7602	49
7603	49
7604	49
7605	49
7606	49
7607	49
7608	49
7609	49
7610	49
7611	49
7612	49
7613	49
7614	49
7615	49
7616	49
7617	49
7618	49
7619	48
7620	49
7621	48
7622	49
7623	48
7624	49
7625	49
7626	49
7627	48
7628	48
7629	48
7630	49
7631	48
7632	48
7633	48
7634	48
7635	48
7636	49
7637	48
7638	48
7639	48
7640	48
7641	48
7642	48
7643	48
7644	48
7645	48
7646	48
7647	48
7648	48
7649	48
7650	48
7651	48
7652	48
7653	48
7654	48
7655	48
7656	48
7657	48
7658	48
7659	48
7660	48
7661	48
7662	48
7663	48
7664	48
7665	48
7666	48
7667	48
7668	48
7669	48
7670	48
7671	48
7672	48
7673	48
7674	48
7675	48
7676	48
7677	48
7678	48
7679	48
7680	48
7681	48
7682	48
7683	48
7684	48
7685	48
7686	48
7687	48
7688	48
7689	48
7690	48
7691	48
7692	48
7693	48
7694	48
7695	48
7696	48
7697	48
7698	48
7699	48
7700	47
7701	48
7702	47
7703	48
7704	48
7705	48
7706	48
7707	48
7708	48
7709	48
7710	48
7711	48
7712	48
7713	48
7714	48
7715	48
7716	48
7717	48
7718	48
7719	48
7720	48
7721	48
7722	48
7723	48
7724	48
7725	48
7726	48
7727	48
7728	48
7729	48
7730	48
7731	48
7732	48
7733	48
7734	48
7735	48
7736	48
7737	48
7738	48
7739	48
7740	48
7741	48
7742	48
7743	48
7744	48
7745	48
7746	48
7747	48
7748	48
7749	48
7750	48
7751	48
7752	48
7753	48
7754	48
7755	48
7756	48
7757	48
7758	48
7759	48
7760	48
7761	49
7762	48
7763	49
7764	49
7765	48
7766	49
7767	48
7768	48
7769	49
7770	48
7771	48
7772	48
7773	48
7774	48
7775	49
7776	48
7777	49
7778	48
7779	49
7780	48
7781	48
7782	48
7783	48
7784	48
7785	48
7786	48
7787	48
7788	48
7789	48
7790	48
7791	48
7792	48
7793	49
7794	48
7795	48
7796	48
7797	48
7798	48
7799	48
7800	48
7801	49
7802	49
7803	48
7804	48
7805	48
7806	49
7807	48
7808	48
7809	48
7810	48
7811	48
7812	48
7813	48
7814	49
7815	48
7816	48
7817	48
7818	48
7819	48
7820	48
7821	48
7822	48
7823	48
7824	48
7825	48
7826	48
7827	48
7828	48
7829	48
7830	48
7831	48
7832	48
7833	48
7834	48
7835	48
7836	48
7837	48
7838	48
7839	48
7840	48
7841	48
7842	48
7843	48
7844	48
7845	48
7846	48
7847	48
7848	48
7849	48
7850	48
7851	48
7852	48
7853	48
7854	48
7855	48
7856	48
7857	48
7858	48
7859	48
7860	48
7861	48
7862	48
7863	48
7864	48
7865	48
7866	48
7867	48
7868	48
7869	48
7870	48
7871	48
7872	48
7873	48
7874	48
7875	47
7876	48
7877	48
7878	48
7879	48
7880	48
7881	47
7882	48
7883	48
7884	48
7885	48
7886	48
7887	48
7888	48
7889	48
7890	48
7891	48
7892	47
7893	48
7894	48
7895	48
7896	48
7897	48
7898	48
7899	48
7900	48
7901	48
7902	48
7903	48
7904	48
7905	48
7906	48
7907	48
7908	48
7909	48
7910	48
7911	48
7912	48
7913	48
7914	48
7915	48
7916	48
7917	48
7918	48
7919	48
7920	48
7921	48
7922	48
7923	48
7924	48
7925	48
7926	48
7927	48
7928	48
7929	48
7930	48
7931	48
7932	48
7933	48
7934	48
7935	48
7936	48
7937	48
7938	48
7939	48
7940	48
7941	48
7942	48
7943	48
7944	48
7945	48
7946	48
7947	48
7948	48
7949	48
7950	48
7951	48
7952	48
7953	48
