Frequenze,errF,Guadagni,errG,
95,	0.5,	8.461538462,	0.37335238
97,	0.5,	8.846153846,	0.390322943
99,	0.5,	9.615384615,	0.424264069
101,	0.5,	10.76923077,	0.475175757
103,	0.5,	11.34615385,	0.500631601
105,	0.5,	13.07692308,	0.576999133
106,	0.5,	13.84615385,	0.610940259
107,	0.5,	14.80769231,	0.653366666
108,	0.5,	15.38461538,	0.67882251
109,	0.5,	16.92307692,	0.746704761
110,	0.5,	18.26923077,	0.806101731
111,	0.5,	19.80769231,	0.873983982
112,	0.5,	20.76923077,	0.916410388
113,	0.5,	21.73076923,	0.958836795
114,	0.5,	22.88461538,	1.009748484
115,	0.5,	23.46153846,	1.035204328
116,	0.5,	23.26923077,	1.026719046
117,	0.5,	22.88461538,	1.009748484
118,	0.5,	22.30769231,	0.984292639
119,	0.5,	21.53846154,	0.950351514
120,	0.5,	20.57692308,	0.907925107
121,	0.5,	19.23076923,	0.848528137
122,	0.5,	18.46153846,	0.814587012
123,	0.5,	17.30769231,	0.763675324
124,	0.5,	15.96153846,	0.704278354
125,	0.5,	15,	        0.661851947
127,	0.5,	13.65384615,	0.602454978
129,	0.5,	12.30769231,	0.543058008
131,	0.5,	11.34615385,	0.500631601
133,	0.5,	10.19230769,	0.449719913
135,	0.5,	9.038461538,	0.398808225
137,	0.5,	7.884615385,	0.347896536
139,	0.5,	7.5,	        0.330925974
