Frequenze,errF,Guadagni,errG,
95,	0.5,	8.461538462,	0.37335238
97,	0.5,	9.230769231,	0.407293506
99,	0.5,	10,      	0.441234631
101,	0.5,	10.96153846,	0.483661038
103,	0.5,	12.30769231,	0.543058008
105,	0.5,	13.26923077,	0.585484415
106,	0.5,	14.23076923,	0.627910822
107,	0.5,	15.38461538,	0.67882251
108,	0.5,	16.92307692,	0.746704761
109,	0.5,	17.5,	        0.772160605
110,	0.5,	18.84615385,	0.831557575
111,	0.5,	20.38461538,	0.899439826
112,	0.5,	21.34615385,	0.941866233
113,	0.5,	21.73076923,	0.958836795
114,	0.5,	22.88461538,	1.009748484
115,	0.5,	23.46153846,	1.035204328
116,	0.5,	23.26923077,	1.026719046
117,	0.5,	22.88461538,	1.009748484
118,	0.5,	22.5,     	0.992777921
119,	0.5,	22.11538462,	0.975807358
120,	0.5,	21.34615385,	0.941866233
121,	0.5,	19.61538462,	0.8654987
122,	0.5,	18.65384615,	0.823072293
123,	0.5,	17.69230769,	0.780645886
124,	0.5,	16.73076923,	0.73821948
125,	0.5,	15.57692308,	0.687307791
127,	0.5,	13.84615385,	0.610940259
129,	0.5,	12.30769231,	0.543058008
131,	0.5,	11.53846154,	0.509116882
133,	0.5,	10.57692308,	0.466690476
135,	0.5,	10.19230769,	0.449719913
137,	0.5,	9.423076923,	0.415778787
139,	0.5,	8.461538462,	0.37335238
